1.0
1.0
0.0
1.0
1.0
1.0
1.0
1.0
1.0
1.0
1.0
1.0
1.0
0.0
1.0
1.0
1.0
1.0
1.0
1.0
1.0
1.0
1.0
1.0
1.0
1.0
1.0
1.0
1.0
1.0
1.0
1.0
1.0
0.5
1.0
1.0
1.0
1.0
1.0
1.0
1.0
1.0
1.0
1.0
1.0
1.0
1.0
1.0
1.0
1.0
1.0
1.0
1.0
1.0
1.0
1.0
1.0
1.0
1.0
1.0
1.0
1.0
1.0
1.0
1.0
1.0
1.0
1.0
1.0
1.0
1.0
1.0
0.5
0.6666666666666666
1.0
1.0
1.0
1.0
1.0
1.0
1.0
1.0
1.0
1.0
0.75
1.0
1.0
1.0
1.0
1.0
1.0
1.0
1.0
1.0
1.0
1.0
0.6666666666666666
0.75
1.0
0.75
1.0
0.25
1.0
0.75
1.0
0.8
1.0
1.0
1.0
1.0
1.0
1.0
1.0
1.0
1.0
0.5
1.0
1.0
1.0
1.0
1.0
1.0
1.0
1.0
1.0
0.6666666666666666
0.8
0.8
1.0
1.0
1.0
0.8
1.0
1.0
1.0
1.0
1.0
0.8
1.0
1.0
1.0
1.0
1.0
1.0
1.0
1.0
1.0
1.0
1.0
0.0
1.0
0.0
0.0
1.0
0.0
1.0
1.0
0.0
0.0
1.0
1.0
0.0
0.0
0.5
0.0
0.25
0.5
0.022727272727272728
0.0
0.0
0.0
0.0
0.0
0.0
0.3333333333333333
0.3333333333333333
0.0
0.0
0.0
0.2
0.42857142857142855
0.0
0.0
0.3333333333333333
0.0
0.0
0.0
0.375
0.3333333333333333
0.2
0.6666666666666666
0.25
0.0
0.125
0.16666666666666666
0.14285714285714285
0.0
0.0
0.0
0.25
0.125
0.0
0.25
0.0
0.14285714285714285
0.16666666666666666
0.0
0.0
0.0
0.0
0.125
0.3333333333333333
0.030303030303030304
0.0
0.6
0.0
0.0
0.0
0.05263157894736842
0.0
0.0
0.0
0.0
