1.0
1.0
1.0
1.0
1.0
1.0
1.0
1.0
1.0
1.0
1.0
1.0
1.0
0.0
1.0
1.0
1.0
1.0
1.0
1.0
1.0
1.0
1.0
1.0
1.0
1.0
1.0
0.6666666666666666
1.0
1.0
1.0
1.0
1.0
0.5
1.0
1.0
1.0
1.0
1.0
1.0
1.0
1.0
1.0
1.0
1.0
1.0
1.0
1.0
1.0
1.0
1.0
1.0
1.0
1.0
1.0
1.0
1.0
1.0
1.0
1.0
1.0
1.0
1.0
1.0
1.0
1.0
1.0
1.0
0.8571428571428571
1.0
1.0
1.0
0.3333333333333333
0.8571428571428571
1.0
1.0
1.0
0.8571428571428571
1.0
1.0
1.0
1.0
1.0
1.0
0.8571428571428571
1.0
1.0
1.0
1.0
1.0
1.0
1.0
0.8571428571428571
1.0
1.0
1.0
0.28571428571428575
0.8571428571428571
1.0
0.75
1.0
0.5
1.0
0.75
1.0
0.888888888888889
1.0
1.0
1.0
1.0
1.0
1.0
0.8571428571428571
1.0
1.0
1.0
1.0
1.0
1.0
1.0
1.0
1.0
1.0
1.0
0.6666666666666665
0.7272727272727272
1.0
1.0
0.888888888888889
1.0
1.0
0.9090909090909091
1.0
1.0
1.0
1.0
1.0
0.8000000000000002
1.0
1.0
1.0
1.0
1.0
1.0
1.0
1.0
1.0
1.0
1.0
0.0
1.0
0.0
0.0
1.0
0.0
1.0
0.0
0.0
0.0
1.0
0.0
0.0
0.0
0.0
0.0
0.4
0.0
0.0
0.0
0.0
0.0
0.0
0.0
0.0
0.0
0.0
0.0
0.0
0.0
0.0
0.0
0.0
0.0
0.0
0.0
0.0
0.0
0.6
0.2
0.5
0.28571428571428575
0.0
0.0
0.2
0.0
0.0
0.0
0.0
0.0
0.3333333333333333
0.0
0.0
0.11764705882352941
0.0
0.0
0.0
0.0
0.0
0.0
0.0
0.16666666666666666
0.20000000000000004
0.0
0.0
0.0
0.20000000000000004
0.0
0.0
0.0
0.0
0.0
0.0
0.0
