0.9017471671104431
0.23758206764856973
0.5031800038284725
0.219812681277593
0.9100777407487234
0.366875817378362
0.8951720694700877
0.2936071952184041
0.6455141305923462
0.5908353825410207
0.2553484042485555
0.7278245886166891
0.7278497225708431
0.255481759707133
0.5305926744584685
0.5892635782559713
0.39540062348047894
0.44560787081718445
0.935191402832667
0.9279158314069113
0.5353600945737627
0.23116599520047507
0.9056613246599833
0.41839273770650226
0.8325975589335911
0.39509233832359314
0.4963540732860565
0.23963241775830588
0.5792354643344879
0.45692928300963503
0.6801289478937785
0.8129483262697855
0.7824353945547712
0.5743418203459846
0.5402550531758202
0.37025217711925507
0.27995941374037003
0.70058849785063
0.5551948209375257
0.8532375544309616
0.7440638873312209
0.7718262771765391
0.5104181435373094
0.6054157118002573
0.672350451681349
0.45628391371832955
0.6166961435918454
0.6173130185515792
0.6350965036286248
0.9004169901212057
0.7578307787577311
0.8973233368661668
0.5353571882954351
0.49674716260698104
0.578204255965021
0.457723417547014
0.33608753151363796
0.942757837356083
0.8557399292051057
0.7417996376752853
0.6089861078394784
0.40372122526168824
0.713451267613305
0.4181656718254089
0.736017449034585
0.7956226948234769
0.7397964050372442
0.5901467866367763
0.6924370129903158
0.5254824466175504
0.6004322727521261
0.8075466735495462
0.3520783997244305
0.45949523316489327
0.32397751410802206
0.6567885428667068
0.6545096627871196
0.7857359594768948
0.6529744929737514
0.3123435894648234
0.6286258811042422
0.820525034268697
0.6180110176404318
0.6820039073626201
0.5829673727353414
0.7713212211926778
0.6798712230390973
0.5660100210280645
0.4834092912219819
0.5466624377738861
0.458076063129637
0.7205889849435716
0.49542707028212374
0.6902700960636139
0.4814610872003768
0.7028521709971958
0.5740249832471211
0.5494701425234477
0.5327556218419757
0.6408536039485139
0.49610434543518794
0.5006098694271511
0.8220462799072266
0.6132343610127767
0.716232941453419
0.7308698296546936
0.8131919693784649
0.5425909757614136
0.7690063714981079
0.5784899036089579
0.6193304877432565
0.6455659985542297
0.3927486903137631
0.49878463259449707
0.7759835322697958
0.6060151382098121
0.7154139545228746
0.6659388249995661
0.5551407933235168
0.5894553661346436
0.5350649147516205
0.5261136340716529
0.3316562289283389
0.7449178129066655
0.6018702957365248
0.5824138109646146
0.49133217836060344
0.6353582591279171
0.6224026850291661
0.7711160722233
0.622929813961188
0.7833439649807081
0.5907215575455989
0.7227216387788454
0.5989518538117409
0.6339924922065129
0.7272861493958368
0.24898938905625118
0.6546099103159374
0.6608639091805175
0.6746003048760552
0.39585613163690714
0.611052740187872
0.8011957108974457
0.7211834482020801
0.7040979693536046
0.38712556577391094
0.6887422667609321
0.37832746903101605
0.22582602500915527
0.515518444776535
0.21992438038190207
0.2569173475106557
0.5037419554733095
0.21166361371676126
0.49390365680058795
0.23114521304766336
0.5755724112192789
0.2220954199632009
0.7697647876209683
0.21757505337397257
0.25603774189949036
0.21797357002894083
0.30463393529256183
0.2913605504565769
0.24052521089712778
0.3569374928871791
0.22090323766072592
0.33730390171209973
0.5182402465078566
0.26375619570414227
0.22289598650402492
0.22130216658115387
0.2188075085481008
0.21818647119734022
0.3317139148712158
0.21235408385594687
0.33396369218826294
0.2243036150932312
0.32419319947560626
0.3089475433031718
0.24657692909240722
0.2275424599647522
0.21533039212226868
0.21473981936772665
0.21088054776191711
0.24260867834091188
0.23316645622253418
0.21409775813420615
0.309100075562795
0.23664002617200217
0.2318361500898997
0.3309847450256348
0.3242883516682519
0.38499421527776767
0.20685784816741942
0.23734036087989807
0.26195999383926394
0.2148077646891276
0.25978454351425173
0.21457012494405112
0.3712096181180742
0.2612166768974728
0.23665531873703002
0.29803532929647536
0.21730088856485155
0.2157079577445984
0.3828442758984036
0.2167152828640408
0.21707868355291862
0.474281975201198
0.24505722522735596
0.2721380765239398
0.2105683038632075
0.31745716219856623
0.24875082288469588
0.21093577477667066
0.4290924138493008
0.2215985655784607
0.2104117756798154
0.2809148563279046
0.2497540364662806
0.21850329140822092
