0.9039614597956339
0.586754764119784
0.3823081784778171
0.5412316963076592
0.8233567277590433
0.6664898658555651
0.6920219656561508
0.28227848476833767
0.6545186909039816
0.8285672156899063
0.7014241174415305
0.8083920787881921
0.7497222467705055
0.4620949725310008
0.7532637091598124
0.8066898163159688
0.30025199552377063
0.7791127562522888
0.6883580724398295
0.6943091253439585
0.7954400292149296
0.7254139764441385
0.904793017440372
0.38755621016025543
0.7187112666311717
0.7596700972980923
0.6452678943121876
0.8706271946430206
0.8831595955071626
0.8973806781901255
0.7915974110364914
0.6409423501313137
0.5706437380504077
0.7134639800540984
0.6103215245405832
0.7214002079433864
0.7980977561738756
0.7728109662494961
0.6073369507988294
0.6717750297652351
0.7330838607417213
0.7280901490695892
0.7633954319689008
0.7169339317414495
0.7511637250582377
0.6010200773676236
0.7317117889722188
0.5608870532777573
0.3409946980299773
0.744602186812295
0.8366382541479888
0.6243487437566121
0.7057104292843076
0.7619542245353972
0.7431047177977032
0.651035867649832
0.678769999080234
0.8530593660142686
0.7739511794514127
0.6612371073828803
0.6926803817652694
0.6207087803712654
0.8046906458006965
0.6806633141305711
0.7883057369126213
0.860285805331336
0.7446231293299841
0.6809027022785611
0.43061717847983044
0.563194484843148
0.40391595874513897
0.5429423738408972
0.6321466143011416
0.7418807994606148
0.7533839429267728
0.7404048116118819
0.7168381865819295
0.6913148944340055
0.6046108851830164
0.5209779871834649
0.7093312802768889
0.647263340651989
0.6678308725357056
0.8051930500401391
0.5372554163138071
0.8024168673531833
0.740909781339594
0.6551994354005843
0.5586188339892728
0.4406428529758646
0.5792528291543325
0.668430383490701
0.7455973720550536
0.7101322434791902
0.667214495125562
0.73144333185973
0.46286234443570357
0.6007749885320663
0.5174643927150302
0.47313878801133896
0.7856879993090554
0.5465181589470626
0.7691030894867098
0.7790435770201304
0.7461340154683779
0.7801962643861771
0.7836256524873157
0.570441206826104
0.6025856477684445
0.654590924580892
0.7090632374915812
0.6272572997288827
0.7912216502943156
0.698341961260195
0.7938087244828542
0.7391361800240881
0.7435965891237613
0.6077957174822709
0.7483910526892151
0.7642526683353242
0.692350297752354
0.6640666710349904
0.6608481284644868
0.6596294882321599
0.2777481916683172
0.7419310946055133
0.7517941619496669
0.709791027742719
0.795796009964413
0.6368161425704048
0.8098896543184916
0.6174852733860915
0.6221063001288308
0.40159329440858627
0.40913662229265485
0.7047689624130725
0.7913769591422308
0.721025137201188
0.6286143042423107
0.6067431999577416
0.7244048633127131
0.7166368365287781
0.696027045779758
0.7754774588527101
0.6914972241478736
0.7061471751241973
0.5290492137273153
0.7674992398420969
0.4701567301674494
0.0
0.24549971024195352
0.0
0.0
0.8191106120745341
0.23735415273242527
0.23949860036373138
0.0
0.0
0.0
0.7100980910989975
0.22160930434862772
0.28699519236882526
0.2216180960337321
0.21801716486612957
0.21918909549713134
0.2180378238360087
0.23211322724819183
0.22192769745985666
0.3995700180530548
0.20941744248072305
0.20951120058695474
0.22466804583867392
0.20960275332132974
0.21006804704666138
0.20977134174770778
0.43316617608070374
0.3255989005168279
0.20947964323891533
0.2309077580769857
0.2711102432674832
0.25128981802198624
0.22694385051727295
0.22063620885213217
0.22180809577306113
0.0
0.24468548808779036
0.22698403199513753
0.2601839726169904
0.25001050035158795
0.3752084317661467
0.23359546065330505
0.2771689163313972
0.23329210778077444
0.22518567464969777
0.27852360159158707
0.2714249508248435
0.2212419935635158
0.22629517316818237
0.2214074730873108
0.22113288111156887
0.2213826576868693
0.5357111515822234
0.22045541604359944
0.22149258852005005
0.5412180843176665
0.30297399797136826
0.2297399640083313
0.2214183685107109
0.2214713560210334
0.2872706303993861
0.38461033350382096
0.5053030682934655
0.27667992203323927
0.22618767784701455
0.2257439238684518
0.22115309749330794
0.22181442048814562
0.23327771027882893
0.23853344543307436
0.314415937378293
0.22784671187400818
0.22807443886995316
0.21933999768009893
