0.9093830320570204
0.28387025992075604
0.8964498510436405
0.32121287782986957
0.8233567376931509
0.8297432517563855
0.6920219628178345
0.5283079478475783
0.7977763364712397
0.8740362105546173
0.854628652996487
0.809493393809707
0.6907864162530849
0.8146806210279465
0.6608849950511045
0.8066898123423258
0.5913530058330959
0.7791127694977654
0.6621410767237346
0.49057360490163165
0.7954400623286211
0.38529927432537076
0.8576678539079333
0.9071972221136093
0.7187112547102428
0.8765048456192017
0.78719173139996
0.8706271946430206
0.883159582261686
0.8973806831571792
0.5632362922032674
0.5612870362542924
0.6409059800454893
0.7380504972404903
0.6862676065377514
0.45217947590918767
0.8089106149143643
0.7911593138225493
0.6286279524333597
0.6717750065856509
0.7776645256413354
0.7280901490695892
0.7830299705266951
0.7268202191307431
0.7832627765337626
0.6883764857337589
0.7317117861339023
0.5608870771196153
0.7639942089716594
0.7450803203715219
0.7675026522742378
0.9194599886735281
0.7924137117686095
0.8965792490376366
0.7487074821083635
0.6470204771300894
0.770617131392161
0.8607247339354621
0.6283091869619157
0.7154290221986317
0.7824233086020856
0.695438908206092
0.8046906325552199
0.8390103189481629
0.8564562280972797
0.7185148011755059
0.6630382066681272
0.7432636837164561
0.6816902743175186
0.7243228369099753
0.45127229226960075
0.7519764842258558
0.7195116069716931
0.7199678733235314
0.7319464650419023
0.7445553444049976
0.7706716855367025
0.6518081650321866
0.6000188999705844
0.6809633903560184
0.6793766557460739
0.7675327578234294
0.7582319743103452
0.8051930533515083
0.6916058043638865
0.7898110244410608
0.7586978471439695
0.6153872268540519
0.749708666006724
0.66795797612932
0.7209485921594831
0.6803352626385512
0.7349492886487174
0.6645974383897768
0.6380429711877083
0.5838495679575988
0.4672528701247993
0.6834307051951589
0.593754286080404
0.6401196848988744
0.6415602760790697
0.6008777689366113
0.822682570327412
0.7628071402746534
0.7253647637340217
0.8569600979487101
0.7181554848617978
0.507964794503318
0.553065256939994
0.7556009150686718
0.7355638498351686
0.6726515241085538
0.725414812123334
0.7744191686312357
0.7245201922598339
0.7356123798423344
0.7178368210792542
0.6010992024482702
0.8065519466898801
0.6752380974709041
0.6939575955035193
0.648275181215409
0.7270546405143987
0.7459216126689204
0.34194075895680315
0.7272057727763528
0.6486243048959653
0.676094285829606
0.7027321921454536
0.6850261703515664
0.6957722677124871
0.6149390634580942
0.585103769791432
0.6565893919039996
0.7432659012930733
0.69425730837716
0.6798252238167657
0.6710793920505194
0.7161219557126363
0.6153260407624421
0.699489459103229
0.7883557942178513
0.7516258556312985
0.7772949988744697
0.7507442096133291
0.759170784332134
0.5273945813708836
0.7614065827745379
0.8189800624494199
0.517837643623352
0.22790557146072388
0.8291668759451971
0.3558926930030187
0.8184500563712347
0.7840384576055739
0.5860887716213862
0.598609447479248
0.9707195361455282
0.8183875547515022
0.8789418074819778
0.7530599425236385
0.7481183860037061
0.4901513435222484
0.8257802645365397
0.8648318984773424
0.3028632640838623
0.6028957753711277
0.5967024016711447
0.8612821737925213
0.651694879645393
0.6618338723977407
0.712902843952179
0.3948289255301158
0.3812364927596516
0.6469620731141832
0.6363753626743952
0.6365790793925156
0.7812592215008205
0.7318486897150674
0.7286767544168414
0.7454284879896376
0.522561708258258
0.47710426553847296
0.5737863230326818
0.523070236047109
0.4320392532226367
0.7246048808097839
0.6841120375527275
0.5828516403834025
0.5449779133001963
0.6191440445405465
0.547861921787262
0.40230387101570764
0.6349051106988994
0.5836097058623728
0.5375068268658202
0.41740100979804995
0.5914562880390821
0.42785483853429807
0.7178324385294838
0.48695265253384906
0.5427824035286903
0.5878608977353131
0.6044685664000334
0.5604242512157985
0.5654325212579097
0.7182723293956529
0.3247224725782871
0.430432232341381
0.5296799311271081
0.7100888389128226
0.5395750482877095
0.5082972093864723
0.4577104411743306
0.49609696313186924
0.6639879261604463
0.47904493676291565
0.6476272179020776
0.5182163860234948
0.6036741654078166
0.29158131565366474
0.7057487478962651
0.5528779852957952
