0.9093830386797587
0.788395795557234
0.8759205941169981
0.4733156968046118
0.8233567774295807
0.8920722073978847
0.47933569376160506
0.26855114847421646
0.5738313820627001
0.8285671958216914
0.7722443961434894
0.8083920887222996
0.6600048601154297
0.5422311127185822
0.783962153575637
0.653425047132704
0.5289136811538978
0.5705884198347727
0.6883580485979716
0.72491521636645
0.7954400557058828
0.7712694158156713
0.7802574137846628
0.5556250929832458
0.7187112666311717
0.5438120915776208
0.7728682412041558
0.3890076180299123
0.94010063012441
0.8973806632889643
0.829225825270017
0.6399740102339764
0.5706437380504077
0.5555539752230232
0.6600893123282326
0.5481886971327993
0.7652917390777951
0.796529712185027
0.6161595781983812
0.6887442128998893
0.7306814127498202
0.7280901490695892
0.7605771629346741
0.7818590497213697
0.7163610089392888
0.6847727126545377
0.7913244699990307
0.5862608287069533
0.6585780726538765
0.6679006674554613
0.7854152109887864
0.6285102566083273
0.3982320891486274
0.802315107981364
0.7465972105662029
0.6493703814200414
0.8115795254707336
0.84270132250256
0.7722349001301659
0.6612370941374037
0.7946567626463041
0.6739391987285916
0.8262796724284136
0.6686069468657175
0.8822747084829542
0.8852355656800447
0.7440827223989699
0.30485922278779926
0.4468189983656912
0.713749713699023
0.4414667553371853
0.6724960103079124
0.5863326636571733
0.6946989362622484
0.7425384943683943
0.6655778520637089
0.8494755350881152
0.6624161093323319
0.5621739118187515
0.47223743030003135
0.6100110801060995
0.6500651681864703
0.48025768001874286
0.792906356078607
0.7140633132722642
0.8220662192463474
0.6791480203039546
0.5270737002766321
0.7505348616176182
0.43529519107606673
0.5172627687454223
0.6247859046916768
0.8006138576401605
0.7170664860142603
0.6925387363017551
0.46961929500103
0.4801379328303867
0.6950915344177732
0.7005190267522111
0.6288170592990321
0.45313258303536313
0.5631786263350285
0.7253325665839994
0.7816944324938708
0.7672216937781643
0.7841765767998166
0.619626094367769
0.4332893725597497
0.6427345041875485
0.7503673103120592
0.6927197422804656
0.6877874561718532
0.6395312807498834
0.7294100903802447
0.784036656220754
0.6808641435040367
0.7260157917485093
0.5914921861284911
0.573696149720086
0.7895672026975654
0.7552321864498985
0.5748076422126205
0.6703480150964525
0.6246983169490455
0.2900500178337097
0.4216689886870208
0.684505141016086
0.689877215579704
0.7977103430127341
0.6368161340554556
0.6988417234337121
0.6258378899286663
0.6674139701289895
0.6382526066568163
0.582745026974451
0.7347407062848409
0.6444167750050322
0.5929869703120655
0.7096822832101658
0.6553696358645403
0.7274100821879174
0.7149552574524513
0.6668259891607459
0.7080890642272102
0.7826667004161411
0.7448977822349185
0.5173791183365716
0.7289355888511194
0.63598855998781
0.7714567330148484
0.7311162736680772
0.49973217646280926
0.3845689942439397
0.8191105950446356
0.4392901725239224
0.5804022553894256
0.6203791168000963
0.9753837850358751
0.8198798541669492
0.369917094707489
0.8179887048403423
0.4938758545451694
0.6402574565675523
0.3093422402938207
0.6936325486501059
0.2303472657998403
0.6062520096699396
0.2469349980354309
0.4419338040881687
0.9151362081368765
0.7199165264765421
0.791370854112837
0.6723844729087971
0.5960872791431568
0.5321762296888564
0.3317199879222446
0.8062575313780042
0.6404374610810053
0.6830344937064431
0.5777454376220703
0.4523468679851956
0.4750116798612807
0.5291150079833137
0.5770064475189925
0.6225152333577474
0.6183263636770703
0.776415674774735
0.5681151435488746
0.5506203742254347
0.5116869939698113
0.31924639145533246
0.7205416838328044
0.26006213823954266
0.825434760820298
0.4966902534166972
0.35488177835941315
0.2720232307910919
0.5962409840689765
0.567106931987736
0.717224014650577
0.5550812990577133
0.44973380035824245
0.6728750318288803
0.621533202830656
0.7258912987179227
0.46477434817502683
0.3884307305018107
0.363814373811086
0.5409515777444527
0.42081905452031937
0.5503453669093904
0.4667519509792328
0.4202851586871677
0.3007259468237559
0.29860920906066896
0.5207627746793958
0.5950640985389161
0.24938881198565166
0.6167617817719777
0.3268422509233157
0.49883004943529763
0.7110840067364811
0.3232685575882594
