0.9093830386797587
0.6837449868520101
0.43101046908469426
0.4178530873523818
0.8233567575613657
0.7948817991548114
0.6307813002949669
0.47154568853201684
0.7977763414382935
0.6871049520042208
0.7839748170640733
0.8094934103665528
0.7165176706181633
0.7972734769185384
0.7906193498409156
0.8139556423823039
0.5745841353027908
0.5705884198347727
0.6883580485979716
0.5900480598211288
0.7288667559623718
0.7764047284921011
0.904793017440372
0.7943551143010458
0.7303170687385968
0.7626189510027568
0.787191688352161
0.8706271996100744
0.8498945077260335
0.7067847119437324
0.4371967689196269
0.5837005359076318
0.6051200726675608
0.5724882176628818
0.6576606339878506
0.43410795485531845
0.7694264338130042
0.5629997518327501
0.6200238958682889
0.7408558311916533
0.7594101060004461
0.7154990739292568
0.600047961473465
0.40939145712625413
0.7141256826895254
0.6019846841692925
0.7261877051106205
0.4722597847382228
0.6750273024594342
0.46735422005729066
0.8371374726295471
0.9228876630465189
0.7837106267611186
0.7993466681904262
0.6954348786377613
0.6493703814200414
0.8137131686563844
0.6412202848328484
0.21777304808298747
0.6608395212226443
0.6759174658192527
0.5987919749635638
0.7271859422326088
0.7839614484045241
0.6637179361449347
0.8571493665377298
0.6979427736482502
0.5324752988638701
0.6500731855759889
0.6004875231672216
0.472812963254524
0.7581202092796865
0.7502405097749498
0.761604460458907
0.6913389219178094
0.6448502324876332
0.540016574660937
0.5878896045306372
0.5908008908048088
0.6136395400794095
0.6856491707970576
0.7294228900046575
0.6016450524330139
0.8087956176863776
0.5659409741560618
0.6734787827975637
0.628745930283158
0.7261865812319296
0.5180443373937456
0.5199702892984662
0.6867946567989531
0.6183806606133778
0.5792366542367854
0.5279850083368796
0.6717993283391189
0.6490266027549902
0.5904339793182555
0.7617196611521315
0.6568632747288103
0.6956764721050464
0.5052052452976321
0.3454923470815023
0.7364797519312964
0.7075956492196945
0.6824919532373469
0.6748929030365414
0.6372600282563103
0.5619987448056539
0.6171961906515522
0.6400329132874807
0.5979676980820914
0.6878657758745372
0.5992929996952179
0.7197611633642219
0.702482836941878
0.754606490665012
0.726353746471983
0.5329138890559785
0.6930708586728132
0.3430087169011434
0.6363405221038394
0.5838498445282206
0.7875517052080895
0.5799348242798744
0.4068928847048018
0.6204255750213844
0.6192450806766591
0.5828953468925738
0.5130114345086946
0.6474988119942802
0.6898737067268008
0.570604481303732
0.5457842086988782
0.46833662937084836
0.5860918468899198
0.644025873872969
0.7785202775682721
0.5568522722632797
0.5749038248150437
0.5645061582326889
0.6886715086097391
0.7280374235577054
0.6330893241005503
0.7521691680664109
0.6039845259101302
0.7514041738632398
0.5716036594275272
0.6779389241821744
0.8189800458925741
0.6841804434855779
0.7726026763518652
0.507504920164744
0.38359209563997054
0.7902700821558635
0.7840384509828355
0.6531315416097642
0.5595189929008484
0.7856785704692205
0.47836453053686356
0.8151868012216356
0.5524923264980317
0.7504967042693385
0.5196089333958096
0.5801082809766134
0.8638123371866014
0.5159090501921517
0.5237391789754232
0.4984358238585201
0.5157067212793562
0.8305979047502791
0.799127330382665
0.2824300726254781
0.30390482857113793
0.35553623948778423
0.3338134222560458
0.6053889095783234
0.5533394202773954
0.329017620395731
0.4313079626471908
0.6031977341130929
0.6917663541105059
0.3850845714410146
0.2771739810705185
0.5913524819009098
0.48187100666540633
0.32479167345798376
0.4693774297123864
0.3572985847791036
0.36165519290500214
0.45849353571732837
0.43142038583755493
0.42147543529669446
0.3516844535485292
0.5522569861676957
0.689688239144344
0.5372244945680252
0.496884979142083
0.4095509350299835
0.4774236733263189
0.6969512164025079
0.25782988137669033
0.4526063147045317
0.7188023612234328
0.43525814568554916
0.301836758852005
0.5387191689676709
0.5451648143621591
0.22175243828031752
0.4851938404588618
0.38404942993764524
0.33518979379108976
0.377433364207928
0.435064869456821
0.5151677078670925
0.49266366510794907
0.4328672188764427
0.44583562300318763
0.6742901814480623
0.6808355373640854
0.4558594916381088
0.2403412232032189
0.359201721019215
0.46076903078291154
