0.9115289515919156
0.6848417321840922
0.4237752528417678
0.0
0.9165545834435357
0.814359000435582
0.6270692430385928
0.4864753603935242
0.4963828722635905
0.8533469791765566
0.7845520363913642
0.8741103821330599
0.7578718387418323
0.8852373957633972
0.8466451727982722
0.8066898282368978
0.0
0.8987942073080275
0.6197972049315771
0.0
0.7288667311271032
0.7746739677020482
0.6915242009692721
0.794355120923784
0.7269756710448233
0.7640041695700751
0.7662200479911118
0.7535326778888702
0.9251795907815298
0.669885460977201
0.6850305318832398
0.7026397673120784
0.5593010504860276
0.5948760832349459
0.721705459886127
0.5923336578740014
0.7985194590356615
0.7514104896121554
0.6044614879437434
0.6887442299297878
0.7473930756251017
0.7151698456870185
0.8252090194159084
0.7983527451753617
0.7284566481908162
0.7173620683806283
0.5927244096332126
0.5077943305174509
0.7962651005497685
0.8643731543311366
0.0
0.8802269741340919
0.9069228304757012
0.8744195743843362
0.7928723719384937
0.7646822534667123
0.8204910039901734
0.8501736587948269
0.679015068213145
0.7550345228777992
0.7599155300795429
0.6110430407388258
0.6995334565037428
0.716418118112617
0.8632442322042252
0.8384940718847608
0.7181677092004706
0.7596713095682639
0.5265525025980814
0.6645592103960881
0.5633929173151652
0.7222755253314971
0.7416317409584446
0.7195619084532299
0.7194152494271596
0.7851904700199763
0.6989497780799866
0.6385803610387474
0.6905287616782718
0.6728906019703372
0.5446281215845249
0.7904778553379906
0.7169389168421427
0.7725700730526889
0.8033400594242036
0.6760229759244406
0.7003283291553406
0.7356589790374513
0.657642748620775
0.5472688357035319
0.720260095434124
0.7233005392431008
0.5172246085272895
0.7185619804157588
0.6120924414781036
0.7840335011482239
0.6269972142031011
0.7459466384832191
0.6748697761253075
0.7060571133901201
0.7325261608518735
0.5736857321527269
0.7737090905507406
0.7689130665763976
0.7212980186722987
0.7332826526076706
0.5058108604616589
0.4424908558527629
0.6581490166166908
0.7718764117785862
0.7570631114421068
0.6581479960017734
0.6249275080668621
0.7548172760892797
0.8035824050505956
0.6829552003630885
0.7289455466800265
0.6894066277546945
0.8014373692759762
0.8052185906304254
0.8399063299099604
0.7129712252263669
0.702811509150046
0.4865624750102008
0.41400482813226147
0.688868594252401
0.7858997559124458
0.687052027091598
0.8055501736700535
0.7109516439614473
0.7886252557789838
0.674232948102628
0.6500105938526115
0.7232660895738846
0.6859580455002962
0.7299728534713624
0.7950667536700212
0.6954072102352424
0.5659397191471524
0.6215120276484292
0.6745719700173186
0.7643334287184255
0.6748956285270991
0.8295187708877382
0.7984516108477557
0.8064869310341628
0.5154384822176215
0.6758840894533528
0.8189800525153124
0.0
0.0
0.0
0.0
0.8901114761829376
0.5609665049446954
0.8264586667219799
0.5155214667320251
0.0
0.0
0.8692768000894123
0.0
0.7667103701167636
0.0
0.8613710289909726
0.8629844008551704
0.8076480997933281
0.6263554990291595
0.6777244650287393
0.5418351491292318
0.0
0.6377834876378378
0.7684056405667905
0.0
0.0
0.0
0.6770173029767143
0.7876264283392164
0.0
0.596826934814453
0.8216864903767903
0.7741770620699282
0.5821493744850159
0.0
0.0
0.6088708308007982
0.5853897780179977
0.8919741710027059
0.8020146608352661
0.7864755630493164
0.6256041071481174
0.5438613185176143
0.0
0.34454594969749447
0.6816867967446644
0.7245397317461121
0.598682317468855
0.6788148035605749
0.6256025930245718
0.0
0.0
0.0
0.838961486778562
0.6545188327630361
0.6356053882175021
0.6079259435335795
0.6274502400367978
0.8098825884587837
0.8768012622992197
0.0
0.7754434224158997
0.5502767223937839
0.5144130115707716
0.39809121886889137
0.6216108939864419
0.532937064130082
0.7891096151064312
0.0
0.7446475090124668
0.5906917581587662
0.6673174906660009
0.0
0.5375842452049255
0.5880970667909692
