0.9043804473347135
0.6851415799723731
0.8867442636778861
0.6497206677993138
0.8181606411933898
0.8098360344215676
0.692021959979518
0.2277003675699234
0.7977763563394547
0.8936555164831655
0.8710419121715757
0.7622894760635165
0.2168299357096354
0.885237435499827
0.8292858028411866
0.6357721171997212
0.6524337563249799
0.8179240226745605
0.6216533084710439
0.7223245799541473
0.6438817845450507
0.7445034927792019
0.7082736028565301
0.7569027264912923
0.6525876316522795
0.5266950461599562
0.8061132932150806
0.8706272095441818
0.9027574835000214
0.7392265035046472
0.7153017881181505
0.6160787317487928
0.6589594295043221
0.7478068465435946
0.6830860316151319
0.6073322687987929
0.6749104509751002
0.7817216155705629
0.6114686775830837
0.8064848290549383
0.8144404722584618
0.7280901660994877
0.8212337720725271
0.7789798458417257
0.7446095449292761
0.7426709018371723
0.7021785587072372
0.49731718997160596
0.6565258065859477
0.7845323907004462
0.8041542693972588
0.8402390480041504
0.8215862578815883
0.896109531323115
0.8065199631231802
0.658955713407493
0.783915621538957
0.8166510423024496
0.6394853385878199
0.6101828946007622
0.7323607292949642
0.7354128588444341
0.7151023341549768
0.6989188061820135
0.875394500626458
0.8564900159835814
0.8037806504302555
0.7622550375667619
0.41392444968223574
0.7062872641616398
0.5210804163463532
0.7313284524763473
0.7509995525371038
0.761481394370397
0.7810137333693328
0.7478287913860419
0.8076249411076675
0.7153717862235175
0.6191601932558238
0.6204562543618559
0.710573238796658
0.7313426534334818
0.7314749587149847
0.8200422839985952
0.7594275342093573
0.8158555000077634
0.6594481330413322
0.6632044886549314
0.5399407545725504
0.5565091596709357
0.7971040841304895
0.6629309959764834
0.5962349681627183
0.6663779262134006
0.6872727704268915
0.7706643168372337
0.5981960631406642
0.7350571751972986
0.3912611539659734
0.7004423662856386
0.691786319490463
0.6449970516384157
0.6783308800469097
0.8004323497966483
0.757509705144116
0.7701758583386739
0.38190633058547974
0.4842321452167299
0.48572903129789563
0.5914084624361109
0.7644677457710106
0.6572117706139883
0.7044708353501777
0.7307501097520192
0.8301121827996808
0.7475635624226229
0.7103356682893002
0.6443824707792798
0.7589261619094151
0.6274379567494468
0.7154067338459075
0.7172216092362816
0.7663665865406846
0.7231461541821258
0.423185577868542
0.7296509431468116
0.7466588546399825
0.7587667818996068
0.5733043193817139
0.7451954256920588
0.7190179540440926
0.6210559440381599
0.6136721832583648
0.719394455353419
0.6310563266277314
0.6996245403694951
0.7552594585551157
0.6919938957691193
0.5615563406830743
0.7336940505925347
0.6993909523718886
0.7113415349243033
0.7632389417337994
0.6588921149571737
0.7631713383727603
0.7514884135661981
0.5062722126642863
0.7425460376436748
0.8261624481942917
0.7269680073231828
0.7666895324275608
0.6230126840096932
0.269294453991784
0.42098502980338204
0.4293301542599996
0.6500241359074911
0.5968412911450421
0.7670005367861855
0.7962269482789215
0.8685236059957081
0.8001427872975668
0.7187205288145279
0.662897339132097
0.8490968010728321
0.7757364549018718
0.7562810443065785
0.6427170939672562
0.6529470976146441
0.5762698661713374
0.6988169859956811
0.7513823521357996
0.7335032255561262
0.39301199052068925
0.6141876041416138
0.7277993491402379
0.7704941431681315
0.7038421454754742
0.6330137296959205
0.7233483568215983
0.7257021240513735
0.729031883051366
0.46412942352749054
0.7239424523012138
0.7024970998667708
0.5820155012336644
0.5848158174563968
0.43430525064468384
0.6990934749128956
0.6033739446542461
0.6780100696616703
0.5311147519835719
0.7151460973421734
0.71381608896515
0.6543968024077239
0.7271557981317694
0.6060427047588207
0.6523557316899511
0.5974751485718621
0.615518249295376
0.7513463679287168
0.6574870858873639
0.7267230403276137
0.7031684868865542
0.6946581386857562
0.5827683993327765
0.5990861180046249
0.7246168264234908
0.36316868884890685
0.7034037624086652
0.5985045675878171
0.6820251043931935
0.599205014741782
0.4779095979531606
0.5598577824376878
0.6770766523705811
0.7586903429593301
0.6041781840225061
0.6553005604280365
0.47892288561739954
0.677444033133678
0.588168423695442
0.5847695648160756
0.4693453842038001
