0.9115289515919156
0.8957197864850363
0.8711949571730597
0.3741687240423979
0.8233567277590433
0.8240542533221068
0.563229831303058
0.2358058194319407
0.7977763414382935
0.7672493303263628
0.7031987155808342
0.6908213970837769
0.6719971056337709
0.8988231619199117
0.7687724642079286
0.7734669466813405
0.6017547685002523
0.5705884198347727
0.7036558628082276
0.8575090214058205
0.7588055299388038
0.283394992351532
0.7353585892253451
0.9061489105224609
0.7187248207273936
0.7968006046613058
0.8049412903962313
0.8372170461548699
0.9254826505978903
0.8922833287053639
0.6423123613993327
0.6880912323477406
0.6548489683840698
0.5761352452966902
0.6717409933054889
0.48280145172719596
0.7675422061057318
0.7050891463403348
0.640132412314415
0.6130080563681466
0.6634485887156593
0.7226784208464245
0.7344658447636498
0.7268202361606416
0.7155522019774826
0.5567891245086988
0.636033725170862
0.6495532380210028
0.6784617450502184
0.7813719696468777
0.7610808544688754
0.6913829755783082
0.7428981425270201
0.8445140520731608
0.7698611842261417
0.7727592857678732
0.7258018329739571
0.7838158066625948
0.3294694357448154
0.6683954331609938
0.7806311863841433
0.6971869751259132
0.6965856210798279
0.7821506536196148
0.6877952375345759
0.7491202884250217
0.6923019336329566
0.7094593554735185
0.6318357617136032
0.69647349913915
0.45136956373850506
0.7050906140127299
0.7291302638784065
0.746869424978892
0.756199388276963
0.7001180423630609
0.7499006456798977
0.6614955136069545
0.5952232164365275
0.6532929108729438
0.6116883641197569
0.7360356311003368
0.6733638530685788
0.8616027754765969
0.7069384949839013
0.6759214161622403
0.690845714795469
0.6464493903848859
0.5948139801621437
0.5912838752071062
0.7010630834670294
0.6769195795756335
0.8056325262750103
0.806223776908148
0.6597355972311904
0.7089539217452208
0.5728576980570637
0.7349020419297395
0.6159793623009621
0.6364138760642402
0.5574527258674303
0.5672465958292521
0.6589433401231728
0.7958812660235666
0.7273465698437086
0.713172244252982
0.47927801171938583
0.5386595726013184
0.45185588535509613
0.5555258442958196
0.7808067838350932
0.6875018292003208
0.7174174458616309
0.7179811907629681
0.7150917803799665
0.654387355240342
0.7319529693350832
0.6668839832297481
0.7490779503498202
0.7228698302639854
0.7529812815693286
0.7702628295831006
0.7821193876641769
0.8103650071172632
0.37193791036094936
0.76205991241667
0.8155415835278931
0.6689725925912072
0.6976232874724599
0.6709002848544153
0.7027463104989794
0.5392888052436615
0.5626061126589775
0.7121197345816059
0.6507270021098001
0.7236779353606007
0.721095751921336
0.6519049683378803
0.6445133735736212
0.6346498989028696
0.7424750737845898
0.7171279429610259
0.7236830227463334
0.7651252128459789
0.7119460719603078
0.7264334360758463
0.449477722442228
0.7365025565155551
0.8189800558266815
0.8242800070179833
0.8062106758356095
0.49973223110040027
0.4653153618176778
0.4709721580654585
0.7840384443600973
0.5860887120167414
0.8154359618822733
0.9590184821022881
0.806287580066257
0.8685236010286544
0.8179887286822002
0.8476096603605482
0.5715503176053365
0.7078123490015665
0.814999304498945
0.7002085278732607
0.7448136852847206
0.6934423350625568
0.6365169435739517
0.7355764706929525
0.8295741597811381
0.7264200735975195
0.6723844894656428
0.5960872857658951
0.5610514135824309
0.7853544354438782
0.7352144221464793
0.7253912384547884
0.6726801519040707
0.7446554164091744
0.7427011615700192
0.6052549954444643
0.6408576770513146
0.5852457922034794
0.5951722617502566
0.441985825697581
0.6148036097486814
0.7544259356729912
0.6124411602814992
0.6041562490993075
0.6240898361281743
0.6296172058582307
0.43365763642571187
0.8043886902155699
0.6559038201385656
0.6433155174948211
0.6499604744675719
0.6623233336872525
0.6180847501313245
0.7473886029114799
0.6901084863477284
0.6509686403804354
0.7063812851905823
0.5531631148222721
0.5116897070849382
0.6127626561856533
0.7227374641983598
0.429677185912927
0.6439139137860218
0.6660577435846681
0.45486681718452304
0.608943776697175
0.6079073649739463
0.5250469787253275
0.4950075557938329
0.6983500227095588
0.6827924630906846
0.6504659611954648
0.6941630191813791
0.706341336623967
0.38907098880520574
0.6597888072331747
0.45881912112236023
