0.7965231140454611
0.6591672797997793
0.8069184649321768
0.0
0.8200434148311615
0.0
0.5341953138510386
0.2488442579905192
0.7636307676633199
0.7539465215471055
0.8507058448261684
0.6758250850770208
0.6202986282772488
0.7674138479762607
0.775227616343856
0.7871989345550537
0.0
0.7809551291995578
0.6487360994021097
0.0
0.8398845067730656
0.0
0.8523003364366198
0.7837912009821998
0.6258460106099667
0.7697686480151282
0.7566166120862204
0.6840632813317435
0.8194105327129364
0.0
0.0
0.0
0.0
0.0
0.6641037693390479
0.0
0.6994893771630747
0.7181404622064695
0.511021857276375
0.7007719948887825
0.7362494518359503
0.5947938273350398
0.7495961580011581
0.0
0.0
0.556704083636955
0.6657549924320646
0.5459323856565688
0.0
0.0
0.0
0.85048881371816
0.0
0.806229493353102
0.0
0.0
0.0
0.6412202933477976
0.0
0.6733363717794418
0.0
0.0
0.0
0.0
0.8942426674895816
0.0
0.0
0.0
0.6483781655471792
0.0
0.5345924681141263
0.723219856215112
0.0
0.0
0.7778343979328399
0.0
0.7782859022970552
0.0
0.0
0.0
0.0
0.6783284199616265
0.0
0.0
0.0
0.0
0.0
0.0
0.0
0.0
0.0
0.0
0.0
0.0
0.0
0.0
0.0
0.0
0.0
0.6956764919732613
0.0
0.6650406071685608
0.0
0.0
0.0
0.0
0.0
0.0
0.0
0.0
0.0
0.0
0.0
0.0
0.0
0.0
0.0
0.0
0.0
0.0
0.0
0.0
0.0
0.0
0.0
0.0
0.0
0.0
0.0
0.0
0.0
0.0
0.0
0.0
0.0
0.0
0.0
0.5675460928016239
0.0
0.0
0.0
0.0
0.0
0.0
0.0
0.0
0.0
0.0
0.796208812130822
0.0
0.0
0.0
0.0
0.0
0.539973626534144
0.6711486379305521
0.6256558040777842
0.0
0.0
0.7069835177174321
0.0
0.6873269202532591
0.0
0.0
0.0
0.0
0.0
0.0
0.0
0.0
0.0
0.0
0.0
0.0
0.0
0.0
0.0
0.0
0.0
0.0
0.0
0.0
0.0
0.0
0.0
0.0
0.0
0.0
0.0
0.0
0.0
0.0
0.2482560078303019
0.2480465571085612
0.24802903334299722
0.252480149269104
0.2965979377428691
0.31691354513168335
0.4170786539713542
0.252602497736613
0.2481551170349121
0.24801939725875854
0.2518821954727173
0.2480792999267578
0.24843440453211466
0.2479296326637268
0.2540048559506734
0.2479801376660665
0.24828859170277914
0.24834511677424112
0.24844042460123697
0.24799960851669312
0.24817750851313272
0.24818489948908487
0.27711554368336994
0.36477746566136676
0.4273949861526489
0.24797703822453818
0.2481391429901123
0.2479871908823649
0.24812614917755127
0.24888819456100464
0.24841795365015665
