1.0
1.0
0.0
0.6666666666666666
1.0
1.0
1.0
1.0
1.0
1.0
1.0
1.0
1.0
0.0
1.0
1.0
1.0
1.0
1.0
1.0
1.0
1.0
1.0
1.0
1.0
1.0
1.0
1.0
1.0
1.0
1.0
1.0
1.0
0.5
1.0
1.0
1.0
1.0
0.5
1.0
1.0
1.0
1.0
0.5
1.0
1.0
1.0
1.0
1.0
1.0
1.0
1.0
1.0
1.0
0.8
1.0
1.0
1.0
1.0
1.0
1.0
1.0
1.0
1.0
1.0
1.0
1.0
1.0
0.8571428571428571
1.0
1.0
1.0
0.4
0.8571428571428571
0.8571428571428571
1.0
1.0
1.0
0.8571428571428571
1.0
1.0
1.0
1.0
1.0
0.8571428571428571
1.0
1.0
1.0
1.0
1.0
1.0
1.0
0.8571428571428571
1.0
1.0
1.0
0.5714285714285715
0.75
1.0
0.75
1.0
0.5
1.0
1.0
1.0
0.888888888888889
1.0
1.0
1.0
1.0
1.0
1.0
0.8571428571428571
1.0
1.0
1.0
1.0
1.0
1.0
1.0
1.0
1.0
1.0
1.0
0.6666666666666665
0.6666666666666666
1.0
1.0
0.888888888888889
1.0
1.0
0.9090909090909091
1.0
1.0
1.0
1.0
1.0
1.0
1.0
1.0
1.0
1.0
1.0
1.0
1.0
1.0
1.0
0.888888888888889
0.0
0.0
0.0
0.0
0.0
1.0
0.0
1.0
0.0
0.0
0.0
1.0
0.0
0.0
0.0
0.0
0.0
0.5
0.0
0.0
0.0
0.0
0.0
0.0
0.0
0.0
0.0
0.0
0.0
0.0
0.0
0.0
0.5714285714285715
0.0
0.0
0.3333333333333333
0.0
0.0
0.0
0.2
0.25
0.25
0.5714285714285715
0.0
0.0
0.0
0.0
0.25
0.0
0.0
0.0
0.0
0.0
0.2
0.0
0.25
0.0
0.0
0.0
0.0
0.0
0.0
0.12500000000000003
0.1818181818181818
0.0
0.0
0.16666666666666666
0.0
0.0
0.14285714285714285
0.26666666666666666
0.0
0.16666666666666666
0.0
0.0
