1.0
1.0
0.0
1.0
1.0
1.0
1.0
1.0
1.0
1.0
1.0
1.0
1.0
1.0
1.0
1.0
1.0
1.0
1.0
1.0
1.0
1.0
1.0
1.0
1.0
1.0
1.0
1.0
1.0
1.0
1.0
1.0
0.5
0.0
1.0
1.0
1.0
1.0
1.0
1.0
1.0
1.0
0.5
0.0
1.0
1.0
1.0
1.0
0.4
1.0
1.0
1.0
1.0
1.0
1.0
1.0
1.0
1.0
0.6666666666666666
1.0
1.0
0.3333333333333333
0.5714285714285715
1.0
1.0
1.0
0.6666666666666666
1.0
1.0
1.0
0.8571428571428571
1.0
0.6666666666666666
1.0
1.0
0.6666666666666666
0.0
1.0
0.8571428571428571
0.5714285714285715
0.8571428571428571
1.0
0.7499999999999999
1.0
1.0
1.0
1.0
1.0
1.0
1.0
0.888888888888889
1.0
0.75
0.8
0.8
0.75
0.8571428571428571
1.0
0.0
1.0
0.5
0.6666666666666665
0.5
0.6666666666666666
1.0
0.888888888888889
0.4
1.0
0.5
0.75
1.0
0.75
0.6666666666666665
0.8571428571428571
1.0
0.75
1.0
0.7272727272727273
1.0
0.4444444444444445
1.0
0.9090909090909091
0.7499999999999999
0.7272727272727272
0.888888888888889
0.9090909090909091
0.8333333333333333
0.8000000000000002
0.7142857142857143
0.6
1.0
0.4000000000000001
1.0
0.1818181818181818
1.0
0.20000000000000004
0.5714285714285715
1.0
1.0
0.6666666666666665
0.888888888888889
0.9090909090909091
1.0
1.0
1.0
0.8000000000000002
0.6666666666666665
1.0
1.0
1.0
1.0
1.0
0.0
1.0
1.0
1.0
1.0
0.6666666666666666
0.6666666666666666
1.0
0.0
1.0
0.0
1.0
1.0
0.5
1.0
1.0
1.0
0.5
0.8
0.6666666666666666
0.5
0.5
0.4
0.8
0.4
0.6666666666666666
0.3333333333333333
0.5
0.6666666666666666
0.5714285714285715
0.0
0.0
0.5
0.7499999999999999
1.0
0.7499999999999999
0.8571428571428571
1.0
1.0
0.0
0.8571428571428571
1.0
0.6666666666666665
0.36363636363636365
0.0
0.0
0.0
0.4444444444444445
0.5
0.75
0.36363636363636365
0.2
0.4
0.0
0.28571428571428575
0.5714285714285715
0.20000000000000004
0.4444444444444445
0.4444444444444445
0.8000000000000002
0.3333333333333333
0.22222222222222224
0.3333333333333333
0.16666666666666666
0.0
0.5454545454545454
0.888888888888889
0.1818181818181818
0.6666666666666665
0.8333333333333333
0.4000000000000001
