0.9996495246887207
0.9996322393417358
0.9981056451797485
0.9990203380584717
0.9996497631072998
0.9996844530105591
0.9996991157531738
0.9933045506477356
0.9995156526565552
0.9996102452278137
0.9996761083602905
0.9996552467346191
0.999669075012207
0.27183008193969727
0.9995924830436707
0.9996387958526611
0.9991899132728577
0.9996674060821533
0.9996681213378906
0.9996621608734131
0.9995936751365662
0.9996964931488037
0.9996664524078369
0.9997046589851379
0.9993085861206055
0.998540997505188
0.9996168613433838
0.9991598129272461
0.9996672868728638
0.9995601773262024
0.9996283054351807
0.9964283108711243
0.9990334510803223
0.5163504481315613
0.9914626479148865
0.998030960559845
0.8800885677337646
0.9993215799331665
0.8909774422645569
0.9965104460716248
0.9996352195739746
0.8917543292045593
0.9962661862373352
0.9995331764221191
0.9990867376327515
0.9993526339530945
0.9992135763168335
0.9994179010391235
0.9995386600494385
0.9992341995239258
0.9971110820770264
0.9993367791175842
0.9875940680503845
0.9961743354797363
0.9854835271835327
0.9988246560096741
0.9993867874145508
0.9995298385620117
0.9994251728057861
0.9958025813102722
0.983997106552124
0.9533344507217407
0.9861965775489807
0.9186642169952393
0.998867392539978
0.9971244931221008
0.9987585544586182
0.6869571805000305
0.9485132098197937
0.9805072546005249
0.9979220032691956
0.9992426633834839
0.5532503128051758
0.4439854621887207
0.7862504124641418
0.9917678833007812
0.9976025223731995
0.9919487237930298
0.996799111366272
0.9712453484535217
0.9912971258163452
0.9531571269035339
0.9675094485282898
0.9899213314056396
0.7832567095756531
0.9992972612380981
0.9061756730079651
0.989231288433075
0.9833980798721313
0.9782502055168152
0.8884609937667847
0.9395231008529663
0.9792600274085999
0.9775190353393555
0.8268929123878479
0.995390772819519
0.6310794949531555
0.5444232821464539
0.754558801651001
0.727619469165802
0.9936415553092957
0.3760726749897003
0.9100469350814819
0.5715765357017517
0.980570375919342
0.718612015247345
0.9637731313705444
0.9917614459991455
0.9852136969566345
0.99298495054245
0.9698315858840942
0.9980334639549255
0.9128523468971252
0.9925547242164612
0.9890030026435852
0.996397852897644
0.9624376893043518
0.9707603454589844
0.5760030150413513
0.947964072227478
0.8056252002716064
0.9356218576431274
0.7043603658676147
0.8695970773696899
0.5480085015296936
0.6334090232849121
0.6077682971954346
0.862102210521698
0.6623357534408569
0.9861527681350708
0.6204423904418945
0.7048231363296509
0.972405195236206
0.8970018625259399
0.9286352396011353
0.745103120803833
0.9802672863006592
0.8626970052719116
0.8529285192489624
0.9917997717857361
0.9889089465141296
0.9906274080276489
0.9782636761665344
0.9961607456207275
0.8209534287452698
0.8569333553314209
0.9885304570198059
0.7183690667152405
0.9977160692214966
0.2060256451368332
0.9996345043182373
1.2151931514381431e-05
0.2857261300086975
0.9996259212493896
0.0021873614750802517
0.6563486456871033
0.5439959764480591
0.4319029748439789
0.21540744602680206
0.9991121888160706
0.9966691136360168
0.32070404291152954
0.22923095524311066
0.4366912245750427
0.18150661885738373
0.4862913191318512
0.2508723735809326
0.19046518206596375
0.0004731111985165626
0.28441277146339417
0.305022269487381
0.33635538816452026
0.20340685546398163
0.2264316976070404
0.3021601736545563
0.11657527834177017
0.25612619519233704
0.36772167682647705
0.17000223696231842
0.13128042221069336
0.1869295984506607
0.18254801630973816
0.2312753051519394
0.5474662184715271
0.10933233052492142
0.14665944874286652
0.4144018888473511
0.4362908601760864
0.3130298852920532
0.14461998641490936
0.2505386173725128
0.17141543328762054
0.29579415917396545
0.1289450228214264
0.18850138783454895
0.10997144877910614
0.09027601778507233
0.12209901958703995
0.05869278684258461
0.13004137575626373
0.010154630057513714
0.15670980513095856
0.16295656561851501
0.2219221442937851
0.12547722458839417
0.1383550763130188
0.23217831552028656
0.39041534066200256
0.13261261582374573
0.09513230621814728
0.15988290309906006
0.18863964080810547
0.12415216118097305
0.25226861238479614
0.1952318251132965
0.14654800295829773
0.1378273069858551
0.17030152678489685
0.14812760055065155
0.11051443964242935
0.13840557634830475
0.1065441370010376
0.09374547004699707
