0.9996523857116699
0.415927529335022
0.2893102169036865
0.9995236396789551
0.9996596574783325
0.9996764659881592
0.9996991157531738
0.9995970129966736
0.998964786529541
0.9996102452278137
0.5711542367935181
0.9995998740196228
0.9996703863143921
0.5666959881782532
0.9995052814483643
0.9996716976165771
0.00047434010775759816
0.9996449947357178
0.9996812343597412
0.27159202098846436
0.9996596574783325
0.9996851682662964
0.9996664524078369
0.0002861010725609958
0.9993085861206055
0.9981497526168823
0.38106459379196167
0.9996451139450073
0.9996795654296875
0.998577356338501
0.999687910079956
0.33555570244789124
0.9989915490150452
0.9996337890625
0.5974200367927551
0.632719099521637
0.8919132947921753
0.9993652701377869
0.23575244843959808
0.9965104460716248
0.9995593428611755
0.9111947417259216
0.9991081357002258
0.9991981387138367
0.9991794228553772
0.999405026435852
0.9992135763168335
0.9994934797286987
0.6401932239532471
0.9996249675750732
0.9567705392837524
0.4739620089530945
0.6151870489120483
0.9366288185119629
0.9854835271835327
0.9988246560096741
0.40820690989494324
0.9995298385620117
0.9996269941329956
0.9970801472663879
0.997168242931366
0.3359204828739166
0.9983857870101929
0.9794185161590576
0.6294394731521606
0.7107049822807312
0.9992332458496094
0.8439506888389587
0.2373010367155075
0.9936309456825256
0.6553521752357483
0.541755199432373
0.20713135600090027
0.47835788130760193
0.5010883212089539
0.9949245452880859
0.8308796882629395
0.9953710436820984
0.47139257192611694
0.1686817705631256
0.7794181108474731
0.5367573499679565
0.5813029408454895
0.9961651563644409
0.2947354316711426
0.99947589635849
0.9286261796951294
0.3136919438838959
0.8254601955413818
0.8211546540260315
0.6973157525062561
0.7651814222335815
0.9816058278083801
0.8433721661567688
0.9827930927276611
0.8138461112976074
0.5663920044898987
0.3443676233291626
0.41811925172805786
0.2137487232685089
0.9963744282722473
0.45297971367836
0.8659189343452454
0.9925153851509094
0.9951885938644409
0.904849112033844
0.9829619526863098
0.34841886162757874
0.931035578250885
0.9993329644203186
0.976630687713623
0.9984924793243408
0.5709109902381897
0.9946138262748718
0.9860095977783203
0.9995262622833252
0.7187554240226746
0.9861728549003601
0.7859616279602051
0.3997390568256378
0.7394216060638428
0.5984647274017334
0.630224883556366
0.5381315350532532
0.2055070549249649
0.2814139127731323
0.8094049096107483
0.6235504746437073
0.48416802287101746
0.9408984184265137
0.5760262608528137
0.38245469331741333
0.931536078453064
0.13291051983833313
0.19771365821361542
0.9559822082519531
0.9702551960945129
0.6265877485275269
0.7980877161026001
0.5065481066703796
0.9887896776199341
0.9964863061904907
0.5528489947319031
0.9976986050605774
0.9196476340293884
0.8854585886001587
0.7419745326042175
0.6650785803794861
0.39355912804603577
1.116237854148494e-05
0.34489575028419495
3.708998337970115e-05
1.792019247659482e-05
0.9990565180778503
5.735225204261951e-05
2.601407868496608e-05
1.6630536265438423e-05
4.187813829048537e-05
2.8460422981879674e-05
0.9995926022529602
1.2043988135701511e-05
1.4089901014813222e-05
2.1769774321001023e-05
2.8664768251474015e-05
0.0002853285404853523
1.7512542399344966e-05
8.873394108377397e-06
0.4236433506011963
0.3210456073284149
1.5875368262641132e-05
3.971554906456731e-05
0.21196314692497253
1.9276094462838955e-05
2.4876253519323654e-05
3.129566539428197e-05
0.610802412033081
0.568080484867096
3.803772051469423e-05
5.8577355957822874e-05
0.005213296040892601
0.24634627997875214
0.03945805877447128
1.4173549971019384e-05
1.7786878743208945e-05
0.0005980647983960807
0.09448223561048508
2.3583230358781293e-05
0.05210817977786064
0.06139872223138809
0.2946948707103729
0.00066824333043769
2.6362869903095998e-05
0.10193946957588196
0.18734870851039886
0.06189345568418503
3.797179670073092e-05
7.000813184276922e-06
6.073739768908126e-06
6.900826065248111e-06
4.601062028086744e-05
0.1527787148952484
0.2620050311088562
4.762458956975024e-06
5.558277553063817e-05
0.3191775381565094
0.22527433931827545
0.01721840910613537
0.10513485223054886
0.15707018971443176
0.1697370707988739
0.1514139622449875
0.261883020401001
0.14963647723197937
0.20093117654323578
5.0664775699260645e-06
1.2805327969545033e-05
2.169123399653472e-05
0.10374687612056732
0.11681999266147614
0.0001709948555799201
1.5727495338069275e-05
0.006855559069663286
0.0752304419875145
