0.9996563196182251
0.9994638562202454
0.9995730519294739
0.9969990253448486
0.9996497631072998
0.9994708895683289
0.9996991157531738
0.9994848966598511
0.9995156526565552
0.9995741248130798
0.9996209144592285
0.9996331930160522
0.9996719360351562
0.9995816349983215
0.48420557379722595
0.9996716976165771
0.9996154308319092
0.9996449947357178
0.9996587038040161
0.9996341466903687
0.9996596574783325
0.6693472266197205
0.9206736087799072
0.9996528625488281
0.9993085861206055
0.9992141723632812
0.9996439218521118
0.9996451139450073
0.9996795654296875
0.998577356338501
0.9994243383407593
0.9160172939300537
0.9992468357086182
0.641983687877655
0.9924882650375366
0.9946016073226929
0.936500608921051
0.999382734298706
0.9661343097686768
0.9965104460716248
0.9995673298835754
0.9111947417259216
0.9993312358856201
0.9994432330131531
0.9993616938591003
0.9983589053153992
0.9992135763168335
0.9994934797286987
0.9995667338371277
0.9995730519294739
0.9925757646560669
0.9994056224822998
0.994117021560669
0.9829354286193848
0.8680768609046936
0.9988150596618652
0.9994743466377258
0.9996492862701416
0.9996263980865479
0.9993478655815125
0.9034005403518677
0.84381103515625
0.9983857870101929
0.7986843585968018
0.9991793036460876
0.738734781742096
0.999345600605011
0.9982269406318665
0.9979107975959778
0.5272442698478699
0.9986380934715271
0.9992201328277588
0.9986373782157898
0.6820816993713379
0.9118369221687317
0.9994768500328064
0.9983166456222534
0.9962913990020752
0.9915021657943726
0.4137919843196869
0.9398699402809143
0.9913074374198914
0.9409137964248657
0.9961651563644409
0.4757811725139618
0.9991379976272583
0.9400014877319336
0.9920037388801575
0.9985881447792053
0.9986531734466553
0.7465561628341675
0.8144755363464355
0.9560201168060303
0.8459993600845337
0.8726974725723267
0.6455826163291931
0.6752195954322815
0.6460222601890564
0.9519999027252197
0.9083804488182068
0.9985622763633728
0.5693788528442383
0.6734378337860107
0.9560061693191528
0.9877079725265503
0.6191099286079407
0.9390507340431213
0.9938376545906067
0.6239719390869141
0.9937979578971863
0.9815163612365723
0.809013307094574
0.9553075432777405
0.9942708015441895
0.9894201755523682
0.9993438124656677
0.9072951674461365
0.8104255795478821
0.856995165348053
0.975872278213501
0.7784521579742432
0.889177680015564
0.7426242828369141
0.891410231590271
0.607736349105835
0.7611250281333923
0.9697251915931702
0.9650934934616089
0.9451382756233215
0.9941082000732422
0.8883873224258423
0.6544986963272095
0.6613182425498962
0.5591882467269897
0.5066534876823425
0.6692590713500977
0.8455810546875
0.37778639793395996
0.4887329339981079
0.9965401887893677
0.689240038394928
0.984252393245697
0.8198494911193848
0.979286253452301
0.8617944717407227
0.6258929371833801
0.8555967807769775
0.6179232001304626
0.9995174407958984
0.9980912804603577
0.6506768465042114
0.9997023940086365
0.9996095299720764
0.9989417195320129
0.9996531009674072
0.9996868371963501
0.9959700107574463
0.9996426105499268
0.9996115565299988
0.9994614720344543
0.99965500831604
0.9997023940086365
0.9996870756149292
0.996451735496521
0.998482882976532
0.7327399849891663
0.9987707734107971
0.9988314509391785
0.9962528944015503
0.9990058541297913
0.9992751479148865
0.9986085295677185
0.8670847415924072
0.9312430024147034
0.5777857899665833
0.9968902468681335
0.9381120204925537
0.46949946880340576
0.932233989238739
0.6285123825073242
0.9796382188796997
0.776324450969696
0.40956979990005493
0.4936448633670807
0.43826034665107727
0.553655207157135
0.982837438583374
0.44748321175575256
0.4635786712169647
0.9936968684196472
0.6804283857345581
0.6656527519226074
0.9991745352745056
0.36712414026260376
0.43562448024749756
0.6169191002845764
0.5794937610626221
0.49842676520347595
0.1942242830991745
0.6455077528953552
0.27563655376434326
0.6462341547012329
0.7799293994903564
0.7791552543640137
0.49456432461738586
0.5771347880363464
0.5869364142417908
0.5301350355148315
0.35149645805358887
0.4103265702724457
0.5954923033714294
0.3419475555419922
0.2693856656551361
0.23497441411018372
0.27083057165145874
0.2857987582683563
0.24595695734024048
0.6426880955696106
0.5009773373603821
0.28295668959617615
0.37375301122665405
0.370695024728775
0.4721178114414215
