0.9996563196182251
0.9913749098777771
0.9995762705802917
0.9983497858047485
0.9996596574783325
0.9994210004806519
0.4581947922706604
0.9837195873260498
0.42318764328956604
0.9996102452278137
0.9996053576469421
0.9995998740196228
0.9996455907821655
0.5790464878082275
0.9995742440223694
0.9997005462646484
0.999550998210907
0.9996674060821533
0.9996812343597412
0.9995948672294617
0.9996596574783325
0.9997166991233826
0.9996163845062256
0.3691364824771881
0.9993085861206055
0.33052146434783936
0.9996185302734375
0.2965867519378662
0.9996917247772217
0.998577356338501
0.9996618032455444
0.993463933467865
0.9989915490150452
0.9996858835220337
0.4375973343849182
0.9940985441207886
0.9625858068466187
0.9993215799331665
0.957064151763916
0.9974424839019775
0.9995772242546082
0.9111947417259216
0.9992249011993408
0.9992183446884155
0.9993808269500732
0.9993510842323303
0.9994757771492004
0.999661922454834
0.5859359502792358
0.9995632767677307
0.9966757297515869
0.4866536259651184
0.2572702467441559
0.9995294809341431
0.9856873154640198
0.9988767504692078
0.32780468463897705
0.9996297359466553
0.9995342493057251
0.9970801472663879
0.9947934746742249
0.5462194681167603
0.9973350167274475
0.933281421661377
0.9985823631286621
0.999259889125824
0.9991716146469116
0.3376028835773468
0.275999516248703
0.6990554332733154
0.9991324543952942
0.9852073192596436
0.5717985033988953
0.3161680996417999
0.8426852226257324
0.8634718060493469
0.99965500831604
0.9978704452514648
0.47986793518066406
0.35650166869163513
0.4556744694709778
0.5970341563224792
0.4217860698699951
0.9582638144493103
0.6661992073059082
0.9989711046218872
0.9471097588539124
0.25340592861175537
0.9980254173278809
0.6157371401786804
0.5673142671585083
0.49515300989151
0.9859055280685425
0.6623303294181824
0.9981607794761658
0.9242626428604126
0.44094035029411316
0.6384355425834656
0.73256516456604
0.526715874671936
0.9973968267440796
0.376483678817749
0.5364769697189331
0.9869548678398132
0.989198625087738
0.7570991516113281
0.5628144145011902
0.3960600793361664
0.9977472424507141
0.9992283582687378
0.8440554738044739
0.9966279864311218
0.9977733492851257
0.9976825714111328
0.9890030026435852
0.5580658912658691
0.9655418992042542
0.9632292985916138
0.39757242798805237
0.5303950905799866
0.5783553123474121
0.7755038142204285
0.5405285358428955
0.4068392217159271
0.3055848777294159
0.18613089621067047
0.6420421600341797
0.9863365888595581
0.9981250166893005
0.9408984184265137
0.5618850588798523
0.6381246447563171
0.7831258773803711
0.5332475304603577
0.48619475960731506
0.6201702952384949
0.5932537913322449
0.7555153965950012
0.6976213455200195
0.9949089884757996
0.9890255331993103
0.9980663657188416
0.6115723252296448
0.9985665678977966
0.8079546093940735
0.9124996066093445
0.9921350479125977
0.6163052916526794
0.9951297044754028
0.999609649181366
0.9996342658996582
0.999713122844696
0.9983685612678528
0.9990565180778503
0.3505058288574219
0.5855502486228943
0.45874282717704773
0.9994133710861206
0.9994520545005798
0.8135300874710083
0.9997027516365051
0.46816539764404297
0.9997115731239319
0.25666385889053345
0.9656441807746887
2.85567766695749e-05
0.4488314986228943
0.37761878967285156
0.28132081031799316
0.9991661310195923
0.7235130071640015
0.9995330572128296
0.9996140599250793
0.9995908141136169
0.9996343851089478
0.3707215189933777
0.9994018077850342
0.9996703863143921
0.998489499092102
0.4369316101074219
0.5173019170761108
0.37255859375
0.99956876039505
0.9994589686393738
0.9986416697502136
0.9932170510292053
0.9990941286087036
0.42157816886901855
0.40962591767311096
0.8515045642852783
0.41296884417533875
0.9993106126785278
0.5017246007919312
0.39721834659576416
0.2869161367416382
0.4664005637168884
0.32602375745773315
0.9991782307624817
0.999377429485321
0.7246365547180176
0.9991777539253235
0.8464416861534119
0.5798354744911194
0.9966973066329956
0.9681360125541687
0.2954290211200714
0.9969197511672974
0.996954083442688
0.9991139769554138
0.1982792466878891
0.4568442404270172
0.45705652236938477
0.2235581874847412
0.22979983687400818
0.4153769016265869
0.2751818597316742
0.9992050528526306
0.24706272780895233
0.22953101992607117
0.3494662642478943
0.8233305811882019
0.9805856347084045
0.6629742383956909
