0.999637246131897
0.9996205568313599
0.9995952248573303
0.9994319081306458
0.9994926452636719
0.9996287822723389
0.9996991157531738
0.9994266033172607
0.9994552731513977
0.9994986057281494
0.999432384967804
0.9997242093086243
0.9996844530105591
0.9996567964553833
0.9976593255996704
0.999663233757019
0.9994719624519348
0.999481737613678
0.9995802044868469
0.995693027973175
0.9899970293045044
0.9991582632064819
0.9996623992919922
0.9996687173843384
0.9994612336158752
0.9957435727119446
0.9996460676193237
0.9996451139450073
0.9996495246887207
0.9971887469291687
0.9995490908622742
0.7456332445144653
0.9986990690231323
0.5739120841026306
0.9941161870956421
0.5783448219299316
0.9801836609840393
0.9990924596786499
0.9824560880661011
0.999244213104248
0.9996318817138672
0.9111947417259216
0.9827521443367004
0.9995220899581909
0.9994530081748962
0.9993916749954224
0.9990725517272949
0.9994179010391235
0.999580442905426
0.9995805621147156
0.9988839030265808
0.9992033839225769
0.9980248212814331
0.9980840682983398
0.9955022931098938
0.9990379810333252
0.9992413520812988
0.9995502829551697
0.999506950378418
0.9993985891342163
0.9972838163375854
0.9805772304534912
0.9733772277832031
0.8435243368148804
0.9984978437423706
0.9986602067947388
0.9979631900787354
0.9849058985710144
0.9989196062088013
0.9879341125488281
0.9988370537757874
0.9990088939666748
0.9990609288215637
0.7653360366821289
0.9762552380561829
0.9994500279426575
0.9979738593101501
0.9991124272346497
0.9780590534210205
0.9899469017982483
0.9788296222686768
0.7980169653892517
0.9420672655105591
0.9954683780670166
0.993715226650238
0.9986327290534973
0.9938840270042419
0.9964962601661682
0.8732700943946838
0.9532082080841064
0.9663995504379272
0.9113495349884033
0.9945719838142395
0.9978790283203125
0.6262917518615723
0.9950515627861023
0.7587958574295044
0.8000801801681519
0.9954158067703247
0.9964759945869446
0.9968999624252319
0.9916056394577026
0.9860180616378784
0.9962900876998901
0.9886228442192078
0.9990563988685608
0.8232836127281189
0.9941678047180176
0.9960088729858398
0.9987101554870605
0.9617573022842407
0.9813810586929321
0.9901214838027954
0.9973207116127014
0.8944136500358582
0.9983810186386108
0.9891698956489563
0.9897421598434448
0.8948725461959839
0.887347400188446
0.9347639083862305
0.8441550731658936
0.8282428979873657
0.7118350863456726
0.9894402623176575
0.796956479549408
0.800261378288269
0.9596870541572571
0.9881210327148438
0.9878332614898682
0.7598084807395935
0.9537144303321838
0.715395450592041
0.993735134601593
0.8761792778968811
0.9311833381652832
0.9342169761657715
0.8399712443351746
0.5945473909378052
0.9951509237289429
0.9878454804420471
0.9822303652763367
0.733296811580658
0.998244047164917
0.8328568935394287
0.9122439026832581
0.9528307914733887
0.8756652474403381
0.9995269775390625
0.9995508790016174
0.9996234178543091
0.9995879530906677
0.9996346235275269
0.9995362758636475
0.9996090531349182
0.9996950626373291
0.9994902610778809
0.9996802806854248
0.9995248317718506
0.9993139505386353
0.9997068047523499
0.9997001886367798
0.9997215867042542
0.9987353682518005
0.9293266534805298
0.9993786811828613
0.9994008541107178
0.9934332370758057
0.997570812702179
0.9995123147964478
0.9994311928749084
0.9994981288909912
0.9995768666267395
0.9995575547218323
0.9996496438980103
0.9975818395614624
0.998819887638092
0.9995580315589905
0.9847721457481384
0.9983847141265869
0.9982106685638428
0.9647250175476074
0.9995793700218201
0.9996024966239929
0.997951090335846
0.9974809288978577
0.9996019005775452
0.9988481998443604
0.9988516569137573
0.9939572811126709
0.9989323019981384
0.9994257688522339
0.9988908171653748
0.9959069490432739
0.9983921647071838
0.9979457259178162
0.9961793422698975
0.9990000128746033
0.9992733597755432
0.9984381794929504
0.9972021579742432
0.9956812858581543
0.9990637898445129
0.9990386962890625
0.9203820824623108
0.9971803426742554
0.9986483454704285
0.9958782196044922
0.9982325434684753
0.9930642247200012
0.950203001499176
0.9610380530357361
0.9925962686538696
0.9920142292976379
0.9458337426185608
0.9941695928573608
0.9994295239448547
0.9951645135879517
0.9786291122436523
0.9905393123626709
0.9980838298797607
0.9979994893074036
0.996193528175354
