0.9996829032897949
0.9996330738067627
0.45111510157585144
0.0
0.9996614456176758
0.9996325969696045
0.9982461929321289
0.9980013966560364
0.9994816184043884
0.9996498823165894
0.9996751546859741
0.9994348883628845
0.9996602535247803
0.9996713399887085
0.9996516704559326
0.9996716976165771
0.0
0.9994627833366394
0.9995279312133789
0.0
0.9996232986450195
0.9996987581253052
0.9996756315231323
0.9996620416641235
0.9994020462036133
0.9990513920783997
0.9992634654045105
0.9996693134307861
0.9996705055236816
0.9995865225791931
0.9996272325515747
0.9994033575057983
0.3568875789642334
0.9993744492530823
0.9920476078987122
0.9974135756492615
0.8722347617149353
0.9995496869087219
0.9661435484886169
0.9974424839019775
0.9996206760406494
0.5706049203872681
0.9986608028411865
0.9993815422058105
0.9991210103034973
0.99950110912323
0.996371865272522
0.9994646906852722
0.9996021389961243
0.9992780089378357
0.9982184767723083
0.9996830224990845
0.9994707703590393
0.9992251396179199
0.9978905320167542
0.9982572197914124
0.9996030926704407
0.9995249509811401
0.9996501207351685
0.998855471611023
0.9967597126960754
0.5932301878929138
0.488675057888031
0.7755659818649292
0.9991666078567505
0.9991911053657532
0.9968675971031189
0.9338939189910889
0.9982484579086304
0.6535128355026245
0.9964603781700134
0.9993370175361633
0.5735600590705872
0.979584813117981
0.9186996817588806
0.9969252943992615
0.7735050320625305
0.9958141446113586
0.9925833940505981
0.759753942489624
0.989287257194519
0.9846398830413818
0.8900254368782043
0.6319940686225891
0.9988911747932434
0.9982441663742065
0.9400395154953003
0.9774188995361328
0.9979060888290405
0.9940629601478577
0.8816360831260681
0.8172035813331604
0.9929607510566711
0.8409063220024109
0.9969773292541504
0.7933861017227173
0.998977780342102
0.7277376651763916
0.49149519205093384
0.9967283010482788
0.9960914254188538
0.9816282391548157
0.7854446768760681
0.9826449751853943
0.9780477285385132
0.9902644157409668
0.997302770614624
0.9939629435539246
0.9986956715583801
0.9975136518478394
0.7658911347389221
0.994074285030365
0.6642415523529053
0.9946163296699524
0.9989669322967529
0.8065616488456726
0.9439982175827026
0.7153461575508118
0.8466789722442627
0.9908813238143921
0.8977340459823608
0.856602668762207
0.7585080862045288
0.6612078547477722
0.981338381767273
0.6426960229873657
0.5775443315505981
0.6506149172782898
0.9875379800796509
0.9797842502593994
0.48837122321128845
0.9626531004905701
0.9789753556251526
0.9513746500015259
0.9156397581100464
0.9563234448432922
0.9432775974273682
0.8900291323661804
0.5542377233505249
0.9842294454574585
0.995708703994751
0.9977254271507263
0.7462836503982544
0.9987401366233826
0.8230405449867249
0.7305522561073303
0.9777820110321045
0.8645333647727966
0.9995174407958984
0.0
0.0
0.0
0.0
0.9995729327201843
0.9996464252471924
0.999693751335144
0.9957842230796814
0.0
0.0
0.9994574189186096
0.0
0.9997077584266663
0.0
0.9995638728141785
0.9990682005882263
0.9995943903923035
0.8211496472358704
0.9989486336708069
0.9923644065856934
0.0
0.9993358254432678
0.9996850490570068
0.0
0.0
0.0
0.997983455657959
0.9786555767059326
0.0
0.8966845870018005
0.9984883069992065
0.9700202345848083
0.9829869270324707
0.0
0.0
0.9995262622833252
0.9994516968727112
0.9996911287307739
0.9996848106384277
0.9996799230575562
0.9822620153427124
0.9335330724716187
0.0
0.9871721863746643
0.6049659252166748
0.687105655670166
0.9988164901733398
0.9982001781463623
0.999627947807312
0.0
0.0
0.0
0.6308402419090271
0.999583899974823
0.9995468258857727
0.910676896572113
0.9990891218185425
0.9991674423217773
0.9992142915725708
0.0
0.9488334655761719
0.9822904467582703
0.51832115650177
0.4840693473815918
0.6001756191253662
0.911004900932312
0.9974433183670044
0.0
0.9389545917510986
0.9816544055938721
0.9705628752708435
0.0
0.99958735704422
0.999592125415802
