0.9996563196182251
0.9995905756950378
0.44206011295318604
0.9986727237701416
0.9996596574783325
0.9996654987335205
0.9997043013572693
0.9996631145477295
0.9995156526565552
0.9997046589851379
0.9996459484100342
0.9996331930160522
0.9996403455734253
0.9994613528251648
0.9996036887168884
0.9996405839920044
0.9987422823905945
0.9996674060821533
0.9996812343597412
0.6760333776473999
0.9996232986450195
0.9997132420539856
0.9996664524078369
0.9996620416641235
0.9995404481887817
0.9985963702201843
0.9996439218521118
0.9996451139450073
0.9977080821990967
0.9995248317718506
0.7359941601753235
0.5646724700927734
0.7422582507133484
0.5981948971748352
0.7353209853172302
0.9972742199897766
0.9335060715675354
0.9991945624351501
0.9926156997680664
0.999152660369873
0.9995243549346924
0.5647739171981812
0.9983598589897156
0.6529251933097839
0.9992388486862183
0.9993526339530945
0.9986152648925781
0.9993311166763306
0.9199414849281311
0.633545458316803
0.9975019097328186
0.9993773102760315
0.9929642677307129
0.9981123208999634
0.7158481478691101
0.9988767504692078
0.9987660646438599
0.9996145963668823
0.5525466799736023
0.999045193195343
0.9848702549934387
0.6176588535308838
0.7007120251655579
0.8339939713478088
0.9992432594299316
0.9983844757080078
0.9990629553794861
0.5597143769264221
0.9775074124336243
0.34174755215644836
0.9984606504440308
0.9993688464164734
0.5678279995918274
0.9451972842216492
0.9396471381187439
0.7182794809341431
0.721904993057251
0.6908771395683289
0.9943704009056091
0.4486462473869324
0.5575515031814575
0.9964272379875183
0.5075719952583313
0.9053878784179688
0.7953703999519348
0.9201790690422058
0.9945583343505859
0.9917850494384766
0.9473234415054321
0.94710773229599
0.7921186685562134
0.9676178097724915
0.5435323715209961
0.638637363910675
0.769470751285553
0.3303830623626709
0.5742120146751404
0.5222825407981873
0.23879626393318176
0.9970773458480835
0.610803484916687
0.3033135235309601
0.4774821698665619
0.7136476039886475
0.9904199242591858
0.4289422929286957
0.9107252359390259
0.9970621466636658
0.5204445123672485
0.665765643119812
0.6682354211807251
0.6827543377876282
0.4769010841846466
0.958433210849762
0.7233460545539856
0.552503228187561
0.4096495807170868
0.30057549476623535
0.5996344685554504
0.26153096556663513
0.7169069051742554
0.5189908742904663
0.7828646898269653
0.6697829365730286
0.48735037446022034
0.27220699191093445
0.2058241367340088
0.5484498143196106
0.1971222460269928
0.2562922537326813
0.37924012541770935
0.47130537033081055
0.6801432371139526
0.5184531211853027
0.8599234223365784
0.5516578555107117
0.6557141542434692
0.8355826139450073
0.7071704864501953
0.49696600437164307
0.6386846303939819
0.37426841259002686
0.6814228296279907
0.9945422410964966
0.6864842772483826
0.5373791456222534
0.570686399936676
0.4604974687099457
0.9995174407958984
0.8275498747825623
0.9187267422676086
0.6167789101600647
0.3916069567203522
0.999631404876709
0.9996433258056641
0.9996788501739502
0.999523401260376
0.996969997882843
0.9832770824432373
0.9992988109588623
0.6311041116714478
0.9997069239616394
0.9300852417945862
0.6217769384384155
0.9988362193107605
0.5655459761619568
0.7291694283485413
0.8884086012840271
0.4803396761417389
0.7841764688491821
0.7313140630722046
0.4142179787158966
0.4661608934402466
0.5264122486114502
0.3134540021419525
0.9976800084114075
0.5159739255905151
0.24638713896274567
0.46613240242004395
0.1833624392747879
0.7725871801376343
0.7088615298271179
0.4313037693500519
0.26492682099342346
0.3692361116409302
0.2608909606933594
0.7541903853416443
0.3819643557071686
0.4165953993797302
0.7993611693382263
0.47220131754875183
0.23705145716667175
0.6085817217826843
0.4724031388759613
0.5597566366195679
0.3258284330368042
0.2751573324203491
0.5428360104560852
0.18649280071258545
0.4105837643146515
0.1722584217786789
0.512980043888092
0.2722001373767853
0.31517648696899414
0.6393412351608276
0.2697332501411438
0.24060161411762238
0.36698463559150696
0.19377918541431427
0.34737151861190796
0.3117374777793884
0.4505215287208557
0.2823706567287445
0.4329662322998047
0.16857092082500458
0.18157027661800385
0.31557512283325195
0.23559296131134033
0.3148311674594879
0.2795284390449524
0.32432040572166443
0.4095515310764313
0.4386574923992157
