0.9996829032897949
0.9993014335632324
0.9996235370635986
0.9971523284912109
0.9996497631072998
0.999580442905426
0.9997110962867737
0.999704897403717
0.9995156526565552
0.9996919631958008
0.9996395111083984
0.999667763710022
0.9996525049209595
0.9996751546859741
0.9995757937431335
0.6620936989784241
0.9987983703613281
0.9996674060821533
0.9997072815895081
0.999550998210907
0.9995936751365662
0.9996824264526367
0.9996453523635864
0.9996751546859741
0.9993999004364014
0.9990119934082031
0.9996609687805176
0.9996495246887207
0.9996800422668457
0.9985736608505249
0.999592125415802
0.9992432594299316
0.9992231130599976
0.9996399879455566
0.983993649482727
0.9976035952568054
0.9896355271339417
0.9990129470825195
0.9833999276161194
0.9942873120307922
0.5737911462783813
0.9846803545951843
0.8359668254852295
0.9994432330131531
0.9992235898971558
0.9992215633392334
0.9992936849594116
0.9996139407157898
0.595582902431488
0.9992148876190186
0.9948902130126953
0.9993783235549927
0.9737575650215149
0.9995115995407104
0.9971074461936951
0.9992496371269226
0.9992000460624695
0.9995765089988708
0.999256432056427
0.9996240139007568
0.9907806515693665
0.9951964020729065
0.9879156351089478
0.8656495213508606
0.9992167949676514
0.9965335130691528
0.8363043069839478
0.9952337145805359
0.9976633787155151
0.9962999224662781
0.9988213181495667
0.997166097164154
0.9994534850120544
0.9182291030883789
0.8944077491760254
0.9982628226280212
0.9970184564590454
0.997984766960144
0.9926707744598389
0.9980467557907104
0.9887518286705017
0.9928755760192871
0.850342869758606
0.8613336086273193
0.9886198043823242
0.9949323534965515
0.9137074947357178
0.9935316443443298
0.9993570446968079
0.9993244409561157
0.8651046752929688
0.8581641912460327
0.9750899076461792
0.7847675681114197
0.9897522926330566
0.9941946864128113
0.5730331540107727
0.7536628842353821
0.9789822101593018
0.9971530437469482
0.9965800642967224
0.9933099746704102
0.9862943291664124
0.9684094786643982
0.9878243207931519
0.9987107515335083
0.996968686580658
0.8074830770492554
0.9960867166519165
0.9976058006286621
0.7294707298278809
0.9968799352645874
0.9936525821685791
0.9984056353569031
0.9949316382408142
0.999081015586853
0.910372793674469
0.9962930083274841
0.7929528951644897
0.7300910949707031
0.7135719060897827
0.8702582120895386
0.6845757961273193
0.8555177450180054
0.8224408626556396
0.6649025082588196
0.788690984249115
0.7386360764503479
0.9979780316352844
0.9929549098014832
0.41225314140319824
0.9029127955436707
0.9761492609977722
0.7472683191299438
0.7693606615066528
0.5286559462547302
0.7900936603546143
0.8697111010551453
0.6604055762290955
0.9921888113021851
0.9816696643829346
0.9971484541893005
0.9763990044593811
0.9969407320022583
0.8494253754615784
0.6020873188972473
0.9548638463020325
0.7235990762710571
0.9995729327201843
0.9996432065963745
0.9996439218521118
0.999713122844696
0.9995089769363403
0.9991844296455383
0.9996531009674072
0.9996868371963501
0.999605119228363
0.9996248483657837
0.9995937943458557
0.9993139505386353
0.9997027516365051
0.999713122844696
0.9591792821884155
0.9994832277297974
0.9991660118103027
0.9991656541824341
0.9990097284317017
0.9988333582878113
0.9990665316581726
0.9996414184570312
0.9994066953659058
0.9996271133422852
0.9996140599250793
0.9995908141136169
0.6696053743362427
0.9963300824165344
0.9994528889656067
0.9996181726455688
0.9858107566833496
0.9946256279945374
0.9770093560218811
0.9965299963951111
0.7110881805419922
0.9413126111030579
0.9972129464149475
0.9974978566169739
0.9961408972740173
0.9842950105667114
0.9963774085044861
0.8219582438468933
0.9958475828170776
0.9993178844451904
0.6306670904159546
0.9431285858154297
0.93051677942276
0.9981125593185425
0.9982494711875916
0.7687036991119385
0.4595144987106323
0.9987668991088867
0.9964627623558044
0.9366864562034607
0.9530984163284302
0.9872109889984131
0.6586249470710754
0.9830013513565063
0.6953571438789368
0.9668267965316772
0.9920544624328613
0.8970064520835876
0.8675307631492615
0.777379035949707
0.856658935546875
0.946429967880249
0.9946634769439697
0.9540629386901855
0.5836532115936279
0.9982728958129883
0.9091024398803711
0.997348427772522
0.9551833271980286
0.9861114025115967
0.9442223310470581
