0.999572217464447
0.9996596574783325
0.9995768666267395
0.0001706419134279713
0.9995569586753845
0.07071793079376221
0.9997237324714661
0.9996564388275146
0.99616539478302
0.9996508359909058
0.9996160268783569
0.9995515942573547
0.9996902942657471
0.9996185302734375
0.9990890026092529
0.9995253086090088
0.0001382771588396281
0.9996378421783447
0.9955195188522339
0.0001479573402320966
0.9995847344398499
0.0036604516208171844
0.8161780834197998
0.9997031092643738
0.9633857011795044
0.9987335801124573
0.999583899974823
0.9478057622909546
0.999647855758667
0.13849644362926483
0.004147724248468876
0.04838759824633598
0.10421599447727203
0.019020751118659973
0.6092351078987122
0.0020904855336993933
0.8963527083396912
0.9987642765045166
0.5293604731559753
0.9877139329910278
0.9995995163917542
0.9596676826477051
0.9920161962509155
4.2230618419125676e-05
0.00012652174336835742
0.9986346364021301
0.9986376166343689
0.999510645866394
1.1346920473442879e-05
0.002208572579547763
0.0008106143795885146
0.9993606209754944
5.710519690182991e-05
0.99955815076828
0.00024754280457273126
0.00012197890464449301
2.2749607524019666e-05
0.9996145963668823
0.013986906036734581
0.9994783997535706
0.003418815555050969
0.002487589605152607
2.1906516849412583e-05
0.21817547082901
0.9987409710884094
0.002260996960103512
0.16093231737613678
0.0052123465575277805
0.5556420683860779
0.14092762768268585
0.9982509016990662
0.9988935589790344
0.15165269374847412
0.17733772099018097
0.9325926303863525
0.20492735505104065
0.9989091157913208
0.03738551586866379
0.22612324357032776
0.1569705307483673
0.21509869396686554
0.9687124490737915
0.001941660768352449
0.1453741192817688
0.09578927606344223
0.003918574191629887
0.00424004253000021
0.026832131668925285
0.12974099814891815
0.1635209172964096
0.08062410354614258
0.18861424922943115
0.19444270431995392
0.13168473541736603
0.20705536007881165
0.14317190647125244
0.16291221976280212
0.1841435730457306
0.2100665420293808
0.9970773458480835
0.16539372503757477
0.9741839170455933
0.19575466215610504
0.1477738320827484
0.20570768415927887
0.09763527661561966
0.1806425154209137
0.17663176357746124
0.1351516842842102
0.15001650154590607
0.21673820912837982
0.00048758817138150334
0.16489754617214203
0.18841131031513214
0.0034331618808209896
0.19811032712459564
0.04417401924729347
0.23472122848033905
0.1011902317404747
0.2273038774728775
0.2059563249349594
0.19861836731433868
0.17300939559936523
0.19998188316822052
0.17563407123088837
0.144389808177948
0.15970689058303833
0.1848960518836975
0.17597922682762146
0.21251000463962555
0.12572947144508362
0.010117270052433014
0.036049239337444305
0.23262350261211395
0.23122991621494293
0.012687675654888153
0.2104940265417099
0.8650954961776733
0.1933075487613678
0.19326584041118622
0.15482856333255768
0.18016327917575836
0.20951628684997559
0.15263809263706207
0.0398012176156044
0.20023740828037262
0.18102766573429108
0.10990379750728607
0.9996906518936157
0.0002456653746776283
0.0001971299498109147
5.847833745065145e-05
0.00040576813626103103
0.00034380092984065413
0.9985390901565552
0.9996881484985352
0.9996435642242432
5.722697824239731e-05
3.597361137508415e-05
0.9996122717857361
7.61153205530718e-05
0.9997090697288513
6.497981667052954e-05
4.376253127702512e-05
2.4496548576280475e-05
0.00011397110938560218
0.00378056219778955
0.0027941970620304346
0.17067036032676697
0.0325251929461956
0.001540553173981607
0.002465343102812767
0.00020084994321223348
0.00025564106181263924
3.051890234928578e-05
0.01098972000181675
0.0014896648935973644
4.665348387788981e-05
0.17145319283008575
0.02124181017279625
0.09483607113361359
0.003716530278325081
0.02546197548508644
0.01028195209801197
0.23724597692489624
0.24122419953346252
0.19316327571868896
0.07141987979412079
0.03712896630167961
0.21639655530452728
0.08993716537952423
7.183176057878882e-05
0.22021529078483582
0.11153417080640793
0.14558926224708557
0.2304377555847168
0.018860578536987305
0.10709523409605026
0.08199802041053772
0.18778152763843536
0.22266031801700592
0.09926488995552063
0.029858695343136787
0.2266422063112259
0.07827436178922653
0.21298590302467346
0.010505822487175465
0.15966375172138214
0.2014811486005783
0.06476497650146484
0.2136920988559723
0.18485945463180542
0.23397937417030334
0.22072142362594604
0.20129816234111786
0.040774375200271606
0.19062933325767517
0.13463431596755981
0.16209504008293152
0.23389801383018494
0.20815403759479523
0.25159022212028503
0.23377051949501038
