0.999642908529362
0.9996514316688655
0.6908473458381156
0.9988972094910472
0.9996508955942676
0.9995854995063146
0.9996950626208964
0.9964938547703543
0.9995629467042677
0.9995761204037619
0.9996585246808013
0.9996297054917694
0.9996589421198867
0.31030650455206155
0.999602019695849
0.9996437430136941
0.9987758471008176
0.999623684163052
0.9996507164785918
0.9996824558429258
0.9996353668466088
0.9996868967088761
0.999651849056541
0.999694555895747
0.9994126449935138
0.9986239602772643
0.9996144473494408
0.9993744925240529
0.9996862705917163
0.9994266748958678
0.9984242138869268
0.9856175357823819
0.9980306105583217
0.48948388616056476
0.9922131277412756
0.9977779343150858
0.773268617016073
0.9940911290167954
0.6173995178797242
0.9977159799607536
0.9993370478331435
0.9185847303198486
0.9924068837091076
0.9981612533888382
0.9974606436247953
0.9991945672401557
0.9992431691465137
0.999510547870196
0.9824983978050423
0.999416884157125
0.9982201029310915
0.9991680098710761
0.968420581583253
0.9840832881811671
0.9518570011661095
0.998745524575079
0.999489326684054
0.999426890738337
0.8747130408227196
0.9909701623016756
0.9909589729393377
0.8890139924553031
0.9917062917290417
0.8967961456854304
0.998944097826979
0.9980411142243087
0.9986984395562866
0.6626239723520477
0.9702909882206295
0.9622249324329156
0.973416567240336
0.9989115691208894
0.45595483670485115
0.45402096712128487
0.8777335429701025
0.9948589422555013
0.9979547508238251
0.9949901145103052
0.9884332317572454
0.9716561188755969
0.9944280427381004
0.974693667187241
0.9310251545886046
0.9933109347866197
0.8775145308431165
0.9987929601895309
0.9194370299587653
0.9931682099682384
0.98263550321097
0.9848949076754037
0.9283262413751444
0.8252751965957126
0.8889334911734214
0.9801122709300341
0.7080412229694345
0.9947709458243782
0.5534303976247549
0.4559771485855893
0.7090284939993229
0.6299159752664362
0.9923556516543002
0.3551048854011255
0.8984509540211384
0.5615119430342771
0.9788424674349172
0.8349185826567388
0.9670503970136776
0.9877832440265992
0.9859387601001819
0.930946937469517
0.9056901210039737
0.9975619175374226
0.7061015502388236
0.9951633911794653
0.8862243835398158
0.9548723362133684
0.977539653555628
0.8569753000163147
0.5871037117901602
0.931787825006377
0.8761274807636851
0.9451875253041753
0.7379867013640177
0.810851956656324
0.46098621889333435
0.5426452902712063
0.5963974213740865
0.7260544288708385
0.6463524351095153
0.9773289644173524
0.6506128816742083
0.7824261141665821
0.9641989373428026
0.9019334673124084
0.8714208091430682
0.8519715790534459
0.960032124600093
0.7654507873109002
0.872589215638903
0.9878959485728456
0.9914784845015663
0.9943509578765887
0.9857142965492364
0.9963776294952004
0.8478986798472947
0.8415917161175493
0.9765941362835082
0.6814230471879732
0.995392496799787
0.2812690131767539
0.9861148755806296
1.7802603639827627e-05
0.3154041823919146
0.9991995960979286
3.4907518737123816e-05
0.6510514607511635
0.4678157577762818
0.45297007057499267
0.17599969566648596
0.999371431539198
0.9471947249673305
0.291800305697506
0.28694891926687877
0.5037560409613604
0.21663674591986734
0.5114997811432959
0.23886901976759223
0.2237730603364201
8.20645914505673e-06
0.285558906025733
0.3049468211516205
0.21651860146739849
0.1809673214309486
0.20889134803013537
0.3410802482158684
0.1513240440679269
0.28059109086225026
0.41016513756221284
0.2227226354207324
0.15677183073964157
0.22760101488905185
0.20928995178549586
0.2383571576990278
0.4389690508766886
0.11734298399812389
0.1441367982335632
0.4694202825718386
0.4898880072915487
0.3798105416208476
0.18163981004614344
0.31059290070350815
0.2138183039923332
0.2684544663260396
0.15639998201941246
0.18946369924060033
0.14293231838789064
0.11273917518873873
0.14489245762894148
0.0003935544902294736
0.15842618344243958
0.0006952371311721815
0.1607800466119455
0.20897424170841067
0.241133585998766
0.13213266938960438
0.13592245045541404
0.21270587975463626
0.2874003187316077
0.12523390412570096
0.10322731286658642
0.16368101778087954
0.20872837245498405
0.12105794467902427
0.23562488558970543
0.1739234100547925
0.14276537548092155
0.12532688043540388
0.1857109365487444
0.17457587798218507
0.11595712300846185
0.14559029020087128
0.09602502648043687
0.07453688083372935
