0.9996660349889533
0.41439673747152667
0.2859077581518887
0.9970531647383135
0.9996520280255733
0.9996352476768681
0.9996950626208964
0.6490726184063048
0.9972395358814297
0.9995761204037619
0.5271114602618996
0.999619274954943
0.999658644061447
0.5031677756521961
0.9995396423447811
0.9996391822252887
2.575812181669127e-05
0.9995784119129524
0.9996106574779944
0.3081852039452974
0.9996656775112015
0.999660133688579
0.999651849056541
0.0002468903876752885
0.9994126449935138
0.997842157493543
0.35689106601904735
0.9996331332678217
0.9996921716530877
0.9976981893335231
0.9993638240027539
0.3485135049964396
0.9979807351833948
0.6728556476943095
0.5441150337000854
0.5727693039166181
0.8509058794283464
0.9951885554420682
0.2074943683895497
0.9977159799607536
0.9994709115477987
0.914786548679466
0.9979042823903933
0.9913154450801902
0.9814061588354885
0.999184798359464
0.9992431691465137
0.9995311782445672
0.40138492462775477
0.7059772474815782
0.6727726768690763
0.4959490415404171
0.49357637934400783
0.6466533392367553
0.9518570011661095
0.998745524575079
0.3344595333096608
0.999426890738337
0.9979492028925565
0.990154414090336
0.9980600539897135
0.30936910516896104
0.6955363050494295
0.6576557265608889
0.6024832692867781
0.6582818796348192
0.8059593044763573
0.7225403646983801
0.21872841236572912
0.6760412203117269
0.6129226422373196
0.4178790842223131
0.20778553794481225
0.4811429007519379
0.5392716494050858
0.7465877269525456
0.7567324024601212
0.9959181816245325
0.4289064524298245
0.1546308489996199
0.5124952457336339
0.55912188254272
0.6044717582356586
0.7539580640648166
0.28476793437507547
0.7215311252658827
0.8898121720953006
0.3159646383701446
0.5033092858435286
0.48208967664631786
0.5521679942917801
0.715141940557834
0.8524008750240543
0.7585896701232503
0.8389064595270944
0.735132735421918
0.3381294369717807
0.2658608728265714
0.3546207708306475
0.16088722579115458
0.9941613204207523
0.407456084712334
0.8325372711754035
0.993416384761052
0.9914563925384878
0.6390676364006299
0.7677541905514885
0.24573543805181378
0.5627213542675021
0.7538507878822711
0.952962049334397
0.9982178350055712
0.3804142382831242
0.7510105626348567
0.8691226352776771
0.6236587340803191
0.6375836105728803
0.8876774248674766
0.829099705617549
0.4104014071947384
0.8059107715792836
0.6063017168637249
0.5682560323141741
0.483075429470197
0.21654023469196526
0.2953751518026972
0.742084181622605
0.5052895063018654
0.4597790487446357
0.905375926662432
0.5201818162769271
0.29525330649427883
0.731050684196798
0.13207125039753836
0.20422732586515074
0.9767085833961249
0.7833388031646397
0.5665978485309588
0.6927915332822189
0.4748723856957778
0.8824752199364716
0.9064703642808695
0.5278470871776949
0.8237449051866144
0.8259025515178975
0.8486839655891768
0.6907753703459627
0.6152426470480833
0.4053734936217688
1.5177234069343161e-05
0.2514001021155734
4.253879260637768e-05
1.6932961679203898e-05
0.9993146586822773
6.136195227157583e-05
2.4104448750387224e-05
2.2227314766825806e-05
5.9488514596724354e-05
4.140027689666272e-05
0.9996106323327826
9.791402207647647e-06
1.3440239418325384e-05
1.9792565104560385e-05
3.772908634519482e-05
9.356645912429512e-05
2.1262106328172643e-05
1.4876731972925702e-05
0.3172852590143734
0.18063511428184417
1.8268390798150254e-05
4.094252892681651e-05
0.001836545213267261
1.8794437578227745e-05
2.354912919188814e-05
2.670334119493166e-05
0.5192717860351709
0.3502707070112428
3.265685040512973e-05
2.538732080443212e-05
0.008925081754837551
0.021340284383751337
0.0009909986258534002
1.2605907176061626e-05
1.6774230028085927e-05
1.516250412176522e-05
1.4154158825464547e-05
3.8386437175298215e-05
0.02053152267575328
0.008158794172724018
0.23867602255317646
3.7301547753364877e-05
2.2550622477231923e-05
2.5517227228459437e-05
0.18264165587324172
1.2234727629139909e-05
1.0942448136634622e-05
1.20643670152407e-05
1.0715590984960593e-05
9.44096364498353e-06
1.609750037943166e-05
4.507976550210736e-05
0.21308597096260426
6.140940789117491e-06
1.620479188737082e-05
0.23682691645690573
0.16711634101976258
0.0012494308518194053
0.053617176357741214
2.4166538177733263e-05
0.09125890493358327
0.11335779233146374
0.0889724315135138
0.012812696393366177
0.027057338784231257
7.297211746172322e-06
2.090850041089521e-05
2.1207686959263683e-05
2.3706597495227797e-05
0.022650655188266478
4.759742160341109e-05
9.462229496656891e-06
1.017846890728242e-05
2.1001097184995326e-05
