0.9996637701432922
0.9993736662548413
0.9995925422682724
0.9608557127743734
0.9996508955942676
0.9995403837518028
0.9996950626208964
0.9994663294680917
0.9995629467042677
0.9995080785029834
0.999593406158692
0.9996353387786582
0.9996774196323958
0.9996185587117783
0.6440541803106355
0.9996391822252887
0.9986992134916136
0.9995784119129524
0.9996079478720765
0.9996772687905873
0.9996656775112015
0.8012988455839278
0.9585223898026093
0.9996906802652077
0.9994126449935138
0.9992170333780386
0.9996121217625504
0.9996331332678217
0.9996921716530877
0.9976981893335231
0.9918656710882904
0.8551068010221213
0.9978663054083002
0.7239738915578361
0.9935038415924111
0.9882679949251011
0.9182749857505301
0.9919064418485855
0.9235307950740405
0.9977159799607536
0.999501223960924
0.914786548679466
0.9987217048659436
0.9947104312806788
0.992766684907546
0.998439663076005
0.9992431691465137
0.9995311782445672
0.9795941880459057
0.9995062306559895
0.9960071320757156
0.9992509244871112
0.9560364973163665
0.9900438636249718
0.9260078386935319
0.9989375023927077
0.9994516367520679
0.9995627030249664
0.9964914962111348
0.8513895751364214
0.7255769270136639
0.8963888535258556
0.6955363050494295
0.7994723584373654
0.99920591641114
0.8494055852030836
0.9992967820162412
0.7522507830835609
0.9979927770496121
0.5356011649187625
0.9854346478113613
0.9987896913548219
0.9958408163384685
0.675016144068113
0.9516854257839322
0.722678861628791
0.9983661150259471
0.997390546387877
0.9609439689106494
0.4634514556345038
0.8473841384782176
0.9948728429866369
0.9509969945046417
0.7539580640648166
0.4873375005660287
0.9824151667329096
0.9281236139407971
0.9951001015194153
0.9965492666011994
0.9968980454989408
0.8027924619895154
0.7805904227561377
0.9744630988939158
0.7141370065372614
0.8148440392353611
0.6437632872750327
0.6860202186268004
0.7161780778888085
0.8979515511870939
0.7082209083462504
0.9974533535305552
0.54099331168974
0.6113015339606523
0.976074298704935
0.9898330940827516
0.5166697603731374
0.953534908290129
0.7537837049425289
0.61019677586088
0.9536033067923808
0.9594097142353556
0.6999489496438781
0.9288066374815931
0.9956294185446677
0.9531012852376977
0.6437667245787396
0.899609408863488
0.7362820463327433
0.8776229057504252
0.9512835174564824
0.829834043020063
0.9096431231314827
0.7586565906392249
0.9020586671238341
0.6876985667675366
0.7233758878253033
0.8188055515944979
0.8692621949062225
0.7561504588438271
0.968211985939205
0.8237152117143426
0.6084506881079705
0.7085073254841353
0.5377217866716346
0.3977683925935723
0.7599206041793602
0.8040116677885094
0.37030201845298205
0.4543332822628978
0.9940897618455345
0.65936812769755
0.8489490183849314
0.7873368528614034
0.9828072689583618
0.8006494029024406
0.7294474540662075
0.7296753797146228
0.5693592413044349
0.9995562121133257
0.7701868283416685
0.6043176821563361
0.9997008144830543
0.9995922443261864
0.9992567499083219
0.9996462463862568
0.9995546762291998
0.7835841377090279
0.9996452927517449
0.9996521158450044
0.9995691958179681
0.6684784822355802
0.9997107385892517
0.9763936676336958
0.9957285046338822
0.9872966553690687
0.7765533248244766
0.9972598678564611
0.9980450941159518
0.9539417403246595
0.9779193770664972
0.9988952027102117
0.9770513811085971
0.5505461460537262
0.5967872758499145
0.5039746888497786
0.9922603915222982
0.8951441933634868
0.5344782890606663
0.9453395819211403
0.6312801012976536
0.7385939768049696
0.6759241507535827
0.38735093576664187
0.4803476820813732
0.3939978748346373
0.6382055964421701
0.9668466412502065
0.43024526539887925
0.4344970000806371
0.8880057889293047
0.667329568102884
0.6424368838578809
0.7394202858022313
0.4101702023608835
0.45976513464469876
0.6106735061401675
0.4851146809190825
0.46778735907129715
0.19304847238918094
0.577695391575119
0.2896734910773292
0.618053864554754
0.7129319505397163
0.768021580815737
0.47626841854734275
0.4913879274042801
0.6013601065111304
0.44963553562013187
0.3604170002862448
0.3958832956970594
0.5653074789274186
0.3118288269089215
0.23603133587598726
0.20556638289170237
0.190874981079687
0.2787907401865217
0.2146630572727228
0.5903210511096126
0.49416229033351716
0.2503449439957356
0.405350792580016
0.3579289533269396
0.43980996455328686
