0.9996637701432922
0.9953795078716831
0.9996068170272296
0.9877944750889328
0.9996520280255733
0.9995132301564151
0.5384610067285773
0.9915886467890526
0.42007295513379345
0.9995761204037619
0.9996314339987691
0.999619274954943
0.9996324775883004
0.4613832133590785
0.9995681643116239
0.9996902345547402
0.9995531439735125
0.999623684163052
0.9996106574779944
0.9995968341788688
0.9996656775112015
0.9996880582710607
0.9996178746201236
0.39594290968161505
0.9994126449935138
0.3644534021727378
0.9996065197932104
0.30048084543940523
0.9997064767091137
0.9976981893335231
0.9989442745189695
0.938079658164606
0.9979807351833948
0.6488909642119065
0.45190246173407533
0.6494244031153671
0.8681558632596675
0.9940911290167954
0.5596679215035465
0.9981642205674338
0.999449087646834
0.914786548679466
0.9986793103689258
0.9958561259435081
0.9966494799538939
0.998408114088034
0.9994552131236607
0.999642669783788
0.6849791867275185
0.9995189885544468
0.9980243351108964
0.4474259289009279
0.002036578299052832
0.9992623509502822
0.98921879908819
0.9988793134623568
0.27205761703479614
0.9995765657755518
0.9975682946184236
0.990154414090336
0.7537946209668002
0.4897622414015864
0.7132410027420496
0.9181587022075326
0.9987617110899721
0.7649577795893949
0.8051601538274091
0.3553475851844339
0.23612839972778885
0.6005670470234373
0.7456418737691272
0.9919924189897467
0.4717031951868353
0.2751120160283222
0.6421954965971296
0.6586369184710126
0.5686646983345932
0.6695080123519054
0.4371717906970272
0.29810277373086014
0.4030934606627935
0.6334234786524282
0.40860222790145984
0.7735950616964431
0.5902034218890495
0.9812952597981374
0.8919405506052147
0.18378893112073824
0.995772443076861
0.4568538530715582
0.5086510001807282
0.44641794377520405
0.9912858715875893
0.6103642910925648
0.8433998482842304
0.7737801721360734
0.308111434927051
0.5032190586962358
0.6575669014421426
0.4462210057154697
0.6057526091954052
0.361372618712613
0.5074060372460376
0.991859734125055
0.9882146773362361
0.7177277400043498
0.5335129377897837
0.37628426984922325
0.7284879051097684
0.7498610705712101
0.8489567175032279
0.9971830434059169
0.9895952981373103
0.9982119670270831
0.8862243835398158
0.41475128056174226
0.9795999684532339
0.6943752834672057
0.22525966754674492
0.5607091441755491
0.5608090195813862
0.5917990616869454
0.5480489896454237
0.30284675650587967
0.25615184439761884
0.13689980240234267
0.6270847908446445
0.99043430064573
0.6131680621089967
0.905375926662432
0.5001248118726406
0.5773572044003712
0.6721151520086373
0.4971479028823575
0.42444896483874095
0.6437752832690624
0.622383136686621
0.6145698008344166
0.6417734073791355
0.9927121877228259
0.5556295027717305
0.998412161426939
0.6551395152486453
0.9984665412851813
0.6931097861894588
0.8569891146809382
0.7407045830085236
0.5834694401769154
0.6188323744849771
0.9996122419766885
0.999627113291107
0.9997045098993226
0.6359934649247486
0.9993146586822773
0.37728863171205207
0.4585078475289517
0.4708352471582401
0.9994325336119909
0.9995451184869357
0.656616795244604
0.9996985494913853
0.4288524590854414
0.999714195721422
0.023336878644210503
0.558728091717448
4.051145136367225e-05
0.3106053483669462
0.30448751625958487
0.15486622973248526
0.9988199763728414
0.6474683611654557
0.987224916046339
0.9994223048079928
0.9994040080549477
0.999477481059879
0.31295100616510624
0.5438458631069799
0.999675691099627
0.9984398459539632
0.21293971903375788
0.3638257072732162
0.23431488351372623
0.998578193606121
0.9991893935475594
0.9977287358538588
0.8656664523520176
0.9975230166179232
0.33556349432595667
0.3323176997180948
0.4529194470443149
0.2557394220812894
0.998751894356991
0.15999603061947815
0.36600974361499394
0.056500942207454455
0.05412301422836455
0.03853889585598078
0.9991446126117569
0.9992722460203265
0.8377335875309991
0.9986354150719516
0.5139821845354683
0.4880015416124717
0.9854591356935022
0.5631679168381405
0.21607713332895523
0.0754414375340568
0.7756459420352309
0.9985293307084014
0.0009249059461800349
0.2656461996702594
0.3630570396936473
0.16905639801092248
0.13622280074357562
3.2378779357336344e-05
0.1143435039189027
0.9991246397159324
0.13159559623179826
0.18675352108055635
0.19052324717674635
0.753186185407642
0.9820507299711356
0.5459162297291024
