0.9996475576290764
0.9996477954117801
0.9957475046147565
0.6017428423106963
0.9879643065015586
0.9995084856242665
0.9996950626208964
0.9995143038555752
0.999512073149687
0.9994490718136232
0.9995389765055634
0.943072031536132
0.5991595321813841
0.9996706841446792
0.9986446295930946
0.9996069339994768
0.9994469576778982
0.9995315050138636
0.9977964575140545
0.5240317085725936
0.5161021219262831
0.9976038032363358
0.9992120025756805
0.9996965817790674
0.9971267420392479
0.9975572511845469
0.9996033590667538
0.9996331332678217
0.9996619819042402
0.9959537309353855
0.997314355556625
0.4963091727779342
0.9897654752768982
0.6016735104092609
0.9943913651529843
0.5677829683657593
0.973724669387006
0.9970785695879717
0.9736711244162017
0.9987640160494172
0.9996342062896078
0.914786548679466
0.9895465327503922
0.9865812041243945
0.9986163532431496
0.9635047232463179
0.9992073294471048
0.999510547870196
0.9995335020433995
0.9995241729398642
0.999191398107922
0.9992544326926392
0.9742003862545343
0.9459495806120487
0.9958784052768473
0.9986589305434048
0.9994528441932579
0.9995483756028972
0.9188664151123437
0.998266608321769
0.997954334701128
0.9558681690873531
0.983075675924209
0.8579380531553275
0.9989921982094816
0.9987442124745335
0.9884694543451161
0.9912400621730707
0.9987056393171707
0.9546535398943219
0.9812731689720631
0.9990005194438822
0.9991547377232313
0.7840288540034542
0.9838061935000822
0.9993218615228274
0.9982777206488336
0.9964291705371747
0.937178346536917
0.9898721221230166
0.6709077806745923
0.7485966710893897
0.9679238550025687
0.9966766753288678
0.9945271825902161
0.9985155325696617
0.9909749964910809
0.9954046583188135
0.715374266083445
0.9421413284126546
0.981190702783975
0.8249666971381598
0.9912000207766655
0.9973418206302868
0.4825438361057042
0.9509379151177902
0.8055592387986764
0.8420630835419917
0.969848943374397
0.9966559085201602
0.9889243527296301
0.9939260297749429
0.9678789181016071
0.961088489269693
0.9761227036501121
0.9982454756437474
0.7235779476623062
0.9787752082037869
0.9907842337473879
0.9877023177663954
0.9669487655810093
0.9823978131118196
0.9890260212601105
0.9900692285329602
0.8506528588630534
0.998155304435508
0.9916572748069046
0.9801858835485476
0.8851976011289377
0.8154944823928189
0.9070420030174186
0.8999386485964738
0.9032365584102334
0.8003585076488948
0.9892281435267124
0.8537375114478608
0.7194280238565727
0.8839017095655582
0.8775017083778505
0.9860008704441369
0.7766870304480825
0.9669515617659871
0.6992649489412206
0.9951440655131321
0.8519344041545617
0.8938696745267236
0.935753793441712
0.9036970398720963
0.6447293600413182
0.9866530209123175
0.9768527922982485
0.9123817467230062
0.712323155715887
0.9929238748718368
0.8979739717183488
0.8715034823216946
0.9472659165823216
0.8800842444083121
0.9995435771569502
0.9995163667207009
0.9996006781650507
0.9996273204080562
0.9994892564650091
0.7525814294740331
0.9996238050667923
0.999649194758767
0.999578706543445
0.9996595974457634
0.9995572258463771
0.9994962478857982
0.9996977149613738
0.9997061788676859
0.9996962242844871
0.9989361955139133
0.9628979861646103
0.9985608327583734
0.9991238541774023
0.9961167013418118
0.9984406687919914
0.9992131291600437
0.9994828376307696
0.9994638848493648
0.9992629496173445
0.9993369688672464
0.9994474240440041
0.9969452434075132
0.9987599515714097
0.9995460806848282
0.9908113954127185
0.9980098986684152
0.9983594493808082
0.9782355438594961
0.9988073709358846
0.9995256007173559
0.9978594397782062
0.9977782376308318
0.9995427394663818
0.9966275905432403
0.9960575542041638
0.9957300934880442
0.9990995842180802
0.9994460638216491
0.9982252755944698
0.9948246352534386
0.9960308087258022
0.9981399992326069
0.995747677278069
0.9978142030946824
0.9987714453080332
0.9985885989515424
0.9958244030508088
0.9968847076841774
0.998836048198442
0.9986514438729982
0.9558918454182433
0.9955702994329849
0.9979087601584261
0.9935964039166908
0.9972994255858101
0.9949014407162586
0.9696093116242244
0.9779544936311779
0.9924978814363868
0.9900119204047761
0.9625564113232127
0.9933080962996168
0.9986993704491461
0.9932579897929523
0.987184150107667
0.9923681465159093
0.9978084996988884
0.997114231427088
0.9960283363166036
