0.9996934233988888
0.9996538157927477
0.3914881751223196
0.0
0.9996504186367582
0.9994918803999695
0.9972333775313614
0.998859918044241
0.9995246511050627
0.999610690726191
0.9996583458935249
0.9995507761555178
0.9996553063147808
0.9996844528385535
0.9996211221419891
0.9996391822252887
0.0
0.9841026979864169
0.9980227966077544
0.0
0.999646365110273
0.9996708623731645
0.9994976203612208
0.9996937205289
0.9992521180334716
0.9991433833763964
0.9972057674507467
0.9996600150197129
0.9996831415486502
0.998256405875526
0.9990347989121623
0.9993810946750562
0.3454783737402271
0.9918112409002332
0.9920364915078982
0.8563145200877997
0.8592198347689027
0.9972111237276735
0.9726728002767223
0.9981642205674338
0.9992843629304207
0.5393891349920187
0.9949646794727489
0.9988413515046007
0.9985771200273521
0.9990837023672042
0.9944353387693068
0.9993567350141743
0.9995307275304206
0.9994298584942687
0.9987845784863418
0.9984432301382373
0.627491500320585
0.8564706334693842
0.9931300459016037
0.9988260304468506
0.9995765678996915
0.9994184857465457
0.9992381723558029
0.9925158437373328
0.9978308182184854
0.6117599057746164
0.5907123715612455
0.7275256261814792
0.9992111603420519
0.9990459171597876
0.9420644822504274
0.8496210285842082
0.9979339741674095
0.5448365238846852
0.6852304618141826
0.9987967074837287
0.5748481071796872
0.8878927228521459
0.9550070001971931
0.9930143714875332
0.6502306838549388
0.9967289500050213
0.639033978953651
0.6729338069391683
0.9919452882080154
0.99117155186578
0.9400237124041373
0.6479961426346631
0.709753293775819
0.9980938506312481
0.8916911760404398
0.9402867499160766
0.9658391615162903
0.9595327375603391
0.9227893929585348
0.710730071511444
0.8666981773557502
0.8900092900137905
0.9802439398482717
0.7388391688783662
0.9990403612984871
0.7672639538321533
0.4938114137831553
0.9960788431668223
0.9930798831177141
0.9881917982716908
0.714778672721764
0.9777792255339111
0.9327204851113319
0.7908837949345217
0.9967285368464484
0.9406969783487767
0.9958855637582025
0.9800491830773977
0.7653615988352908
0.9954434227564098
0.6536282393655559
0.9943416254192097
0.9625621202185065
0.7413702428006467
0.9427876166569451
0.5770102578944623
0.8434369577398133
0.9721692141814257
0.9351087633000572
0.8940313751111605
0.8433075252638998
0.7089413289151733
0.9728551633508248
0.6690975517955884
0.5351924644671116
0.6107879150585585
0.942877222183948
0.6934964406047163
0.45918477212452347
0.9559849744659891
0.905877118405252
0.9598719025164006
0.8770458054486943
0.9755066592665167
0.9464155898037452
0.9392515279398292
0.5821558411714843
0.9096635576212027
0.9905502468614487
0.9951966249733671
0.7155853675509083
0.9984676094476498
0.8709154539835968
0.7798932271598314
0.9584597677482113
0.9086941216171255
0.9995562121133257
0.0
0.0
0.0
0.0
0.9993137641497184
0.9996617434061671
0.9996502678554704
0.7699563702985226
0.0
0.0
0.999568599014338
0.0
0.9997065663323492
0.0
0.9994923719285289
0.9987552378014445
0.9995659879720661
0.8946694578323032
0.9961457506462296
0.8823237840024507
0.0
0.7359578520563167
0.6159615035610765
0.0
0.0
0.0
0.9983824981458579
0.6411121063816648
0.0
0.727023780876823
0.5962832827710592
0.9840496954094742
0.627308299254851
0.0
0.0
0.5374976986465689
0.5460707134085299
0.6351727372657664
0.4523236208207367
0.459138490036601
0.854100691245615
0.7861445810760447
0.0
0.9562819668505191
0.6133683611650053
0.5889842152649315
0.9979763719198396
0.6028673818885911
0.40203344684280545
0.0
0.0
0.0
0.5734168230574144
0.3784763545450583
0.43319890490814555
0.9464743712448581
0.6081140540828684
0.6090756292627966
0.2772787408795314
0.0
0.7291016778293149
0.8964098133754526
0.45957608857717563
0.4859558150426761
0.5719901306199522
0.5338752751152703
0.6475549368284957
0.0
0.7692776888342693
0.7661012571018452
0.707156493326819
0.0
0.3933893737091598
0.43712279116117053
