0.9996637701432922
0.9996284530114595
0.42950374549596143
0.9769387861512415
0.9996520280255733
0.9995542938994149
0.9996892509578854
0.9996718763537157
0.9995629467042677
0.9995645982521827
0.9996092604047379
0.9996353387786582
0.999649524604435
0.9995677059954693
0.9995788329619789
0.9996330737503392
0.9985302534681274
0.999623684163052
0.9996106574779944
0.802001700129339
0.999646365110273
0.9996950325033299
0.999651849056541
0.9996937205289
0.9992929382318252
0.9983493670956882
0.9996121217625504
0.9996331332678217
0.9986747069796524
0.998700774375168
0.6702939855691252
0.5909844815430294
0.5543403729285371
0.6161294072082
0.7931017739902079
0.9964712656910691
0.8591325374853894
0.9947047856289535
0.9670976549143099
0.9991880046739013
0.9993532305093755
0.5428915420339839
0.9557520375724509
0.5448334239612947
0.9940618470246751
0.9991945672401557
0.9987380949554565
0.9994632724969575
0.9008634394923413
0.7181828616745108
0.9983655181538467
0.9992180809040875
0.98118035893473
0.9957403931843763
0.7621883662157638
0.9988793134623568
0.9981524156549612
0.999579875455336
0.6809359826533607
0.9919847992134722
0.9881853849951527
0.5739937866293895
0.6914484292726405
0.7870516030504848
0.9992687695666189
0.9984719974557364
0.9983990850365541
0.6148200867264961
0.9878752125228831
0.36563640863381447
0.9987818757060034
0.9991190405280763
0.5759445321468674
0.7461684309134393
0.9657542254686265
0.6805210964166046
0.673713748658555
0.7545312660001988
0.9855587155675662
0.4586950610546326
0.601392558608789
0.9977992927648776
0.670561673536651
0.9455152429656458
0.8834191650234151
0.8309352300729209
0.955925782125117
0.9908495969225196
0.9603297924023707
0.9669081712006639
0.8288955771025943
0.8412028608146646
0.4734200449157535
0.6799461413694102
0.7688031668212278
0.3018544000991146
0.5301933619159808
0.5516704599662291
0.2241158440802144
0.9964909086621075
0.5055972591378949
0.31922817179761137
0.44175769756219624
0.6244487487083967
0.9771024926305298
0.44684049438843615
0.7848425530005048
0.9710022998621662
0.5166468892999672
0.6436585187359758
0.6818158082291811
0.6724497705332773
0.5085708062648419
0.7249833281703787
0.7459030541671334
0.5308035824876813
0.41239452855375075
0.34373444076249204
0.6344810050823423
0.3028695202408264
0.7595407376192523
0.5629967047303147
0.5965891754168183
0.6519128569961231
0.4309362683287853
0.31407483344601606
0.2273302446604699
0.5409866900012574
0.22001673931842966
0.23466207051997617
0.3713567176968513
0.44908212672984155
0.6793818602893568
0.5903285974021003
0.71810466568714
0.5680329023027059
0.5576622924008187
0.9018766204519595
0.729058640786648
0.4681304174400574
0.5651241069792682
0.4117731164674899
0.6497056476258334
0.9949568271202849
0.7645160131676192
0.57925731307091
0.5152024249713417
0.47033582986848177
0.9995562121133257
0.9047377084692982
0.956905145414753
0.762667642313723
0.561710931520831
0.9994155000336349
0.9996354579306287
0.9996307767162502
0.9995964712127162
0.9983354557274585
0.9913947157275996
0.9994579300197363
0.7198449116032517
0.9997099637892797
0.9630664150857882
0.6294832505252218
0.9981517574970032
0.5592610893627866
0.6721509740353774
0.9161536546444666
0.45644627656479964
0.7650232977616958
0.799939136460231
0.47468449349869213
0.5333677131187771
0.5971516908845038
0.36321718789042423
0.9965513110783427
0.5144912735878326
0.3316042292076642
0.5198441015740555
0.2015941704950919
0.6305731572841001
0.7236754123842775
0.4578573207663847
0.2556770172148459
0.3819797559873222
0.3189689259611603
0.829456256643783
0.39312655460683316
0.423976617897727
0.7018039180070268
0.4823564384223834
0.2679127731936308
0.6770867271612658
0.45409620028459924
0.5880629230147582
0.33942549173970543
0.2152054551927697
0.4179868396539518
0.20112947394757003
0.4042508510324333
0.17900985786029974
0.5131291909374006
0.26894761089861446
0.28537315236906324
0.4231350701532537
0.22344112002352398
0.2531671544631683
0.2477669465777083
0.18129877836491246
0.35148038515055147
0.27163429717816895
0.43807239990919855
0.29947253441287824
0.4130964367203031
0.1578620942432563
0.16826535078318275
0.3121562141453473
0.294737684813781
0.32132035632474565
0.2735317034612223
0.29872761932656555
0.47436539635413894
0.3714773313686828
