0.9996934233988888
0.9984049510443158
0.999612957127175
0.9446391230926117
0.9996508955942676
0.9995707868596949
0.9996805479728856
0.9997105598128981
0.9995629467042677
0.9996612062528447
0.9996550080757937
0.9996713995801293
0.9996613263305413
0.9996780753050353
0.9995896814324138
0.7930915248569936
0.996558991224769
0.999623684163052
0.9996794752493229
0.9996347357211083
0.9996353668466088
0.9996417446271082
0.9996567367210875
0.999697714534898
0.9994447807183775
0.9990705515390478
0.9996194524213105
0.9995788285806787
0.999694734595846
0.9985173908952051
0.999353053625282
0.9943058615616895
0.9974918222702635
0.9995646419959319
0.9885503549315144
0.9974771279725525
0.9683131280615922
0.998907495336029
0.9558494096689828
0.9963866458676619
0.6672276282033028
0.9895167054921054
0.8960923321361296
0.9947104312806788
0.9987505820504716
0.9989064832724481
0.9994254236570465
0.999641149495506
0.6812563216291612
0.9993934014345233
0.9971443486461979
0.9993451822735062
0.9490620338559657
0.9989725127544296
0.9977490347267857
0.6180840902392245
0.9994311692041894
0.9995323698104074
0.99467387970832
0.6322636268194538
0.9945767548921406
0.9969362544663798
0.9920899467132102
0.8599994965971034
0.9990826367044553
0.9974052426359088
0.9100123885844863
0.9968218751539479
0.9981024120560935
0.8736886971557553
0.9874118035980706
0.9943626006787213
0.9994096736777461
0.9372355110189635
0.9429477840960306
0.9986383395901812
0.9974570132571196
0.9979861378650907
0.9724856351289942
0.9978631098968785
0.9892758332742018
0.99609783185097
0.9156457438914734
0.7553433249218142
0.9933239618646476
0.9758074026989206
0.9087715475089515
0.9938555793441515
0.9853462602168737
0.9970941649359845
0.9246483102479938
0.8773818542569064
0.9664748417845697
0.8223370407644768
0.9564456956174513
0.9955545812693017
0.5058093988448773
0.5008865399344649
0.9836121435208951
0.9969950664141665
0.9900383816140861
0.9947597353554758
0.9909337541011425
0.9663400330658416
0.9904614134241473
0.9985260621961245
0.993155223609262
0.8802853259162683
0.994277564995712
0.9572303561138131
0.7651191762573762
0.9973193853182449
0.9917493137360514
0.9981576184393173
0.9902252404139088
0.9986582994824137
0.9436843640553306
0.9877781828790674
0.8245105080817234
0.7944832704710434
0.7695685325441166
0.8981916397065869
0.796503475638395
0.8996768579123223
0.8896746598895551
0.7150487946654216
0.7441605568162983
0.7664750338045002
0.996139662820724
0.9841659841759095
0.4091194193175427
0.9066981453436658
0.9691338632555699
0.7824783407866209
0.7538825423685268
0.6163462118489396
0.8725701794085987
0.9242468335623494
0.6863285164496689
0.990329602938874
0.8691299655892023
0.9976823450081104
0.9427242623163821
0.9976983269346373
0.8681049240309154
0.48528998079051866
0.9034432649873809
0.7827896864416928
0.9995667337986849
0.9996455311721152
0.9996373652981831
0.9997045098993226
0.9993153137311945
0.9993689911333634
0.9996462463862568
0.9995546762291998
0.9996194539398634
0.9996534577764469
0.9996401348087578
0.9994962478857982
0.9996985494913853
0.9997107982581446
0.974920171104903
0.9992903694975996
0.9989210064596004
0.9990425554268839
0.9989416850955212
0.9973687841874972
0.9972859234667557
0.999347868811481
0.9993289350570117
0.9994023234911978
0.9994223048079928
0.9994040080549477
0.8002364653485936
0.9942366695291819
0.9994809321640999
0.9996434443760331
0.9922146500499294
0.7828462503438305
0.9841629716181066
0.9915396765665443
0.7160343378210668
0.9608996097614806
0.9974397203087825
0.9969627968908744
0.9959075500452931
0.9679224606233887
0.9914122190522328
0.8343855924226444
0.9972183585220367
0.9984099073177307
0.7112344598539276
0.951992340993644
0.9211270042820805
0.9949788421235137
0.9927203374577368
0.8670150828735044
0.47844840138328076
0.9984115290271862
0.995761557064553
0.9217596226495363
0.9391428646085136
0.982568528663397
0.7821499467485478
0.7851859271685285
0.702152541840129
0.697325662502762
0.9913394666136052
0.9024378586017104
0.826608253294403
0.8524437468622095
0.8937614043830375
0.9535348059698988
0.9847752758874763
0.9386864426112446
0.5960547088659696
0.9929475435307576
0.814602183897761
0.9299075438733921
0.9394435050461144
0.976245819468115
0.9441087705426157
