0.9996099159804275
0.9996659755307471
0.999601512539661
4.656792791770271e-05
0.999608901423921
0.0021044180640844273
0.9996634685430724
0.9996576309189886
0.9977766992309306
0.9993317897431386
0.9996072947216181
0.9995491504609442
0.9996839761334699
0.9996455900496348
0.9993220322076584
0.9995567490701246
5.8442084886704166e-05
0.9995504839378665
0.9602981403906378
7.239974174417069e-05
0.9996384055405316
0.0005789999062419267
0.8986395653647284
0.9997046589827356
0.9618011023959627
0.99882551181409
0.9995732902354407
0.9726680010900054
0.999677329386482
0.00011854183379405745
2.8933860464837195e-05
4.347083846698736e-05
1.8550223648782518e-05
2.544827066345795e-05
0.7246450234703921
5.248035517463907e-05
0.9070564887234217
0.9911492030247485
0.6085886132047534
0.9935843429984665
0.9994910539730527
0.9695383019366491
0.9812931515994398
3.2380094605685406e-05
2.669451217371922e-05
0.9985501396693064
0.9989960694674155
0.99955966828223
1.9736898351733706e-05
5.7820075971429714e-05
6.602639941240657e-05
0.9993434843462745
6.590247156136889e-05
0.9994583626318465
4.1824157372342254e-05
3.2956029407288976e-05
2.7702381959555154e-05
0.999579875455336
6.061109105287262e-05
0.999265565859465
7.113547086899457e-05
5.0819368821591604e-05
2.6327470714677716e-05
2.3085983208530105e-05
0.9989598509693581
3.958515555262973e-05
3.126058564787279e-05
7.590448141285348e-05
0.5469607659536333
1.925483740505391e-05
0.9983701861401717
0.9976607564194562
6.74540405856168e-05
4.0741031487106225e-05
0.9630038096110147
3.276635065701524e-05
0.9984347356668085
1.955328692304958e-05
0.03533852813059423
1.6021474003018593e-05
2.6120065884863965e-05
0.9828703965121918
5.055620941824578e-05
0.00017265123418648995
5.563618264399946e-05
1.8527532066399488e-05
3.5271634415833786e-05
5.1865869538886585e-05
9.550773208842263e-05
4.9792629694772135e-05
2.0871231127189806e-05
0.00014178490498548873
2.8006872632166185e-05
4.227793459652431e-05
0.0006203347896878241
2.9387594135550005e-05
0.00028707560140139133
0.00045323399278010773
2.373658517254543e-05
0.9964909086621075
4.834221086744704e-05
0.9816067410301333
6.126856179012096e-05
2.8740442507971725e-05
2.665812157214919e-05
1.9651744198001453e-05
5.3424770529114406e-05
0.0001426861410268207
1.8495175447457786e-05
6.222343698165872e-05
0.0026437492640919874
2.4285501314686115e-05
2.7319872456443676e-05
2.4486602671645064e-05
4.1407852988409884e-05
0.04197019267407765
6.893687027406145e-05
0.007050293009370962
2.552769286624611e-05
9.309998157185957e-05
0.0005702361339455061
2.8014075388267667e-05
2.261859501911162e-05
1.9862627040046494e-05
0.0001165976353646647
2.024015895461766e-05
0.00025921632429899607
0.00031551353137453136
4.361306231770974e-05
6.386965590068088e-05
0.000129042789080387
4.268918767881307e-05
3.319589005531899e-05
0.00011532771838118728
5.215641403876274e-05
2.560160924904883e-05
0.0045637861255240445
0.915712869724848
1.8415635596607686e-05
0.014026425413922473
1.943576046730934e-05
3.054844650252092e-05
0.0006914979418181261
4.2080789412913744e-05
1.3426730670972677e-05
2.771841576934777e-05
0.0043490113382381
3.9252150278958585e-05
0.9996510430378778
8.358703452303684e-05
0.00014363270739930215
7.271997327085793e-05
3.383257379363492e-05
0.0002011949003148975
0.999099952683071
0.9995642448893792
0.999650478315215
9.258434059471818e-05
5.5637434816591596e-05
0.9996270833204929
2.6330191658428647e-05
0.9997086524961638
4.536972243540165e-05
6.073274549917348e-05
2.9319751887771928e-05
5.879747484041493e-05
6.545364331387308e-05
2.9366048861605767e-05
5.263130865068748e-05
7.047051782020683e-05
0.00023961683947216106
5.9724903872937664e-05
3.253655829998392e-05
6.42850131359259e-05
2.6241707791575205e-05
4.110505222717001e-05
2.61553990345146e-05
2.6072645276674447e-05
3.298829898793403e-05
1.0468701406388207e-05
5.812810101564589e-05
3.107617155837046e-05
2.845628159493488e-05
1.9242904099941844e-05
0.00010118964194097557
4.294194248480178e-05
0.00010044521138108925
2.4650900437111876e-05
2.7830444603214385e-05
2.263537706287545e-05
3.6173950896839324e-05
2.4755650562406527e-05
0.00013746264127288807
0.0003722723190719901
0.0003580660020086675
6.350997128312258e-05
3.3325849287598734e-05
7.064847341553111e-05
0.000174333852560265
8.430042172249929e-05
7.453718014241641e-05
2.7573826246201098e-05
2.9080056613143768e-05
4.172446343866922e-05
1.9163941284841442e-05
3.957150487447162e-05
3.580968280476687e-05
0.00012461801387105657
8.274459336232875e-05
2.482687607358767e-05
0.0016792022268487517
3.5371888564064786e-05
0.0008726611807540586
0.0011171016936414582
2.4977771336682915e-05
4.488853419984192e-05
0.0001250640035453223
7.393004110373681e-05
2.5256135310009982e-05
0.00012163853395806559
0.00037176074840227175
0.00011297201282040911
0.004696482899233421
