1.0
1.0
0.0
1.0
1.0
1.0
1.0
1.0
1.0
1.0
1.0
1.0
1.0
0.0
1.0
1.0
1.0
1.0
1.0
1.0
1.0
1.0
1.0
1.0
1.0
1.0
1.0
1.0
1.0
1.0
1.0
1.0
1.0
0.5
1.0
1.0
1.0
1.0
1.0
1.0
1.0
1.0
1.0
1.0
1.0
1.0
1.0
1.0
1.0
1.0
1.0
1.0
1.0
1.0
1.0
1.0
1.0
1.0
1.0
1.0
1.0
1.0
1.0
1.0
1.0
1.0
1.0
1.0
1.0
1.0
1.0
1.0
0.4
0.6666666666666666
1.0
1.0
1.0
1.0
1.0
1.0
1.0
1.0
1.0
1.0
0.8571428571428571
1.0
1.0
1.0
1.0
1.0
1.0
1.0
0.8571428571428571
1.0
1.0
1.0
0.5714285714285715
0.75
1.0
0.75
1.0
0.25
1.0
0.75
1.0
0.888888888888889
1.0
1.0
1.0
1.0
1.0
1.0
0.8571428571428571
1.0
1.0
0.5
1.0
1.0
1.0
1.0
1.0
1.0
1.0
1.0
0.7499999999999999
0.7272727272727272
0.8000000000000002
0.8000000000000002
0.888888888888889
1.0
1.0
0.8000000000000002
1.0
1.0
1.0
1.0
1.0
0.8000000000000002
1.0
1.0
1.0
1.0
1.0
1.0
1.0
1.0
1.0
1.0
1.0
0.0
1.0
0.0
0.0
1.0
0.0
1.0
1.0
0.0
0.0
1.0
1.0
0.0
0.0
0.5
0.0
0.3333333333333333
0.5
0.04347826086956522
0.0
0.0
0.0
0.0
0.0
0.0
0.4
0.4
0.0
0.0
0.0
0.25
0.6
0.0
0.0
0.3333333333333333
0.0
0.0
0.0
0.5454545454545454
0.4444444444444444
0.25
0.6666666666666666
0.28571428571428575
0.0
0.16666666666666666
0.2
0.18181818181818182
0.0
0.0
0.0
0.3333333333333333
0.16666666666666666
0.0
0.25
0.0
0.18181818181818182
0.2
0.0
0.0
0.0
0.0
0.15384615384615385
0.3636363636363636
0.052631578947368425
0.0
0.6
0.0
0.0
0.0
0.09302325581395349
0.0
0.0
0.0
0.0
