0.8463091154893239
0.46370845205254024
0.6632220496733983
0.4002175184942427
0.8521850771374172
0.5244447923368878
0.792550486305944
0.3932485113541285
0.7216449504097303
0.7097004199469531
0.49981390684843063
0.6914632353517745
0.7226612036190335
0.34078166799412835
0.6496448058020386
0.7111988090806538
0.5183945231967502
0.5107826358742183
0.7645588368177414
0.8782911830478244
0.6470827700363265
0.5072834609519867
0.9074180324872334
0.5629949296514194
0.778124488961129
0.5959229760699802
0.6466833309521751
0.3776927789052328
0.7073749323685964
0.5165855834881465
0.6544020036856334
0.7359323399204787
0.7160926877553979
0.5957616295343564
0.6131126900965517
0.4306262269800092
0.5226218586876279
0.7485590775807698
0.608896566040867
0.7368212654477073
0.7242064815428522
0.7427540294606398
0.6281252661136666
0.5891311748160256
0.6841626097758611
0.5221632923516962
0.6699113068757233
0.5615116148083298
0.6876872745652993
0.8548484642117742
0.7827948848406474
0.8964859730667538
0.6190059808669267
0.6898592015107472
0.6606545191672113
0.5776254008213679
0.5092143229075841
0.8979085592996506
0.684349129670932
0.718842866520087
0.6424561515450478
0.5196289366636521
0.6948211460753724
0.6110295303993755
0.8258849912219577
0.773722321457333
0.7514601063213231
0.6708815913233492
0.6777570702038802
0.6019388004094977
0.4934076704084873
0.7593038332840754
0.5230621967807649
0.6015396895673539
0.5165941134509113
0.6863058911981406
0.7125534673973366
0.6780851691961288
0.6290010876125759
0.5026991518716963
0.5657912830038676
0.7930164701408811
0.6383212357759476
0.7032804497414165
0.5955378669279592
0.7811360527307559
0.7151273752790004
0.6146747397998022
0.5514921630658801
0.5832581449832235
0.5507744297030426
0.6800614809921122
0.5642551333264068
0.6782605784634749
0.5798468187823046
0.7152970377769735
0.5934799989120187
0.6456282469961379
0.5686289000979243
0.6317100637880716
0.5598616219100154
0.5644142693040347
0.7945447240478147
0.6954507127640739
0.7679631899055253
0.705171981483999
0.7630839728471104
0.5393358541859521
0.7689016978773806
0.6451414252320926
0.6846280475709804
0.6395712481604682
0.5320571018957797
0.6266581327402354
0.7800101359685262
0.6893127434710733
0.7207148091660606
0.6475251734559548
0.661919263878254
0.715241413267832
0.6140052392824084
0.5578142037053431
0.5122567588503744
0.7612779490583998
0.53212946694364
0.6596254192371533
0.547736998296967
0.6492428363653537
0.6353049753393445
0.6919999864050952
0.6808085137357314
0.7598194671633334
0.5710136268741239
0.7015361610202142
0.6119408597646196
0.6993560982542852
0.7540168106114422
0.49752182120578836
0.6438173103090534
0.6505572024594855
0.7025598053894346
0.5534953582617971
0.6811268763441257
0.7682761036687427
0.732888502142732
0.7051944538923275
0.4856889707346757
0.6945113109769645
0.457443802886539
0.38036630527367665
0.45935231182310315
0.3054696053266525
0.4030932386716207
0.4723297816420359
0.22570679585138959
0.5220878885851966
0.30841055512428284
0.5285610887739394
0.32622377574443817
0.8196060433983803
0.4168849165240924
0.39846101154883706
0.2726882626612981
0.44833329071601224
0.39951730105612016
0.41634636409957
0.48957585801207837
0.3225707248562858
0.3656036553007585
0.3998974041333274
0.31945134590542507
0.3353399482038286
0.27540124704440433
0.31972620139519375
0.2771551351488373
0.3292279534396671
0.380294061700503
0.34970681932237413
0.35493162553987384
0.35092155824578
0.3800398417093136
0.3438580538545336
0.4022545556963226
0.3986949003532402
0.32845199294388294
0.30548707450981494
0.25276680787404376
0.39079533456227716
0.4186490893363953
0.3625711619853973
0.2934453702635235
0.37241308470567064
0.3232521063089371
0.4677965181801054
0.49909452408709853
0.3185631337918733
0.2764706993103027
0.352401022888996
0.25096483172154893
0.26343345546428065
0.29668513747553027
0.4530480192767249
0.3389717506037818
0.2337884843349457
0.37834962492897395
0.325437037481202
0.2644940938268389
0.465494904873219
0.29736201816962826
0.3310930575886961
0.49547939683862424
0.2883458135619996
0.39515922088985855
0.3715126726291483
0.4290876590500319
0.281850342513525
0.2975814585007873
0.3722714995560439
0.3212340673034613
0.22189343330406008
0.33054476093362883
0.3052026029262278
0.34024490353961784
