0.8955351114273071
0.4085576186577479
0.32688689783767416
0.37041333800270443
0.8542688389619192
0.49565037838996406
0.792550486305944
0.331128199895223
0.637651596069336
0.7097004199469531
0.4553822488696487
0.7799694875876109
0.8273882032544524
0.34137125313282013
0.6581711508960837
0.7022649867667092
0.2155991577439838
0.5981355433662733
0.8126064906517665
0.46793752163648605
0.641748077891491
0.48484332772789807
0.9074180324872334
0.30932120978832245
0.778124488961129
0.5649113648467593
0.5174234939283795
0.5394230898883607
0.7310729297222914
0.5646141138341693
0.7863113482793171
0.7456210881235108
0.6382595142201772
0.5418293144967821
0.46895113401942784
0.5664805316262775
0.6424061628403487
0.7464680288519178
0.514093545851884
0.7368212654477073
0.771119647555881
0.7494249335593648
0.7138212154860849
0.6449972084826893
0.7021837433179219
0.5069074421293205
0.6699113068757233
0.5878942902441378
0.3303888147627866
0.76797523730331
0.8004488856704147
0.6498260670238072
0.4642177881134881
0.6086648661229346
0.6606545191672113
0.5776254008213679
0.43062859994393804
0.8979085592996506
0.6892692270102325
0.7776922807097435
0.6392951384186745
0.5071007817080527
0.7525969829824235
0.4502687231888846
0.7848202942146194
0.757944241993957
0.6523219544499639
0.6751910473546412
0.39450442040408096
0.47164851643822403
0.4688032129454235
0.38825995019740533
0.4720764259536746
0.5951846652560764
0.5128096671417506
0.6789903095916465
0.7257173846165339
0.7693949357502989
0.6986907691867263
0.45255610435097304
0.6664637213346188
0.6934197896056705
0.6265895326932271
0.6375061652174703
0.5762879914198167
0.7474046295815772
0.7212154925676153
0.5757758289102524
0.5568757363491588
0.4972740286377946
0.5860158488075569
0.6851464667693288
0.6517229645561289
0.6220580940208738
0.709836723303898
0.7270558366345035
0.4429747735276634
0.46902869725838686
0.39541026404295015
0.36922499967945943
0.5572786259014714
0.5801695446875761
0.7561255907771562
0.757796338480762
0.7359739946535114
0.7333120261629422
0.7519222267090329
0.5629054390059577
0.5068196014397675
0.5978331194037483
0.6494830429908776
0.6435891441173024
0.7155168444654088
0.6025961538155873
0.7848466624816259
0.5660011425115024
0.7092288646433089
0.6791456009253674
0.7123150393366813
0.6844179417405809
0.5959261319348736
0.4996538593107229
0.5783297462178434
0.46353748550118024
0.3754147075770194
0.6481046351218465
0.7023159785673823
0.5412954081492449
0.7416302940911716
0.7005366141518587
0.7305661761293225
0.6626236018166815
0.633063643236482
0.3540119191720372
0.3592055528252213
0.6454029774382
0.7402396413352754
0.5365081902534242
0.6421509747703869
0.5042185344334159
0.7054061209180271
0.5511789369993108
0.5833905683150368
0.736302859184546
0.7281067629128393
0.7092332755885304
0.5653871865226672
0.7658277517336386
0.3566680867520589
0.21899132430553436
0.23378111918767291
0.22069663802782694
0.2164187381664912
0.6250225667442595
0.22246675027741325
0.2229018931587537
0.2145662208398183
0.22797099749247235
0.22178318599859875
0.5363171017832227
0.2134869446357091
0.25217339230908287
0.2197837730248769
0.21418832275602553
0.22331297563181984
0.22067820131778718
0.2198375140627225
0.21401303344302708
0.30654126902421314
0.21871397230360246
0.21707839436001247
0.2210909128189087
0.21497207631667456
0.21423829015758303
0.2132486237419976
0.6241546662317381
0.27244958033164346
0.21195557713508606
0.22447438687086108
0.23613455692927043
0.23417706787586212
0.22078861246506373
0.21597305354144836
0.21820171094603008
0.21810390055179596
0.22771024597542627
0.22382604877154033
0.23742786347866057
0.23160188446442287
0.3014603725501469
0.21888264765342075
0.2435504173239072
0.21638475507497787
0.23152400624184383
0.24242441811495358
0.2374856303135554
0.21947111851639217
0.2151906321446101
0.21474858654869927
0.21685088078180947
0.21727072530322605
0.39157536409349525
0.22052589224444497
0.22355497148301867
0.38165919853265956
0.2584399767811336
0.22156286466689337
0.21877014107174342
0.2179761098490821
0.25360992981327907
0.31093458183228023
0.3535669488566262
0.24887544137460216
0.2149333995249536
0.22061438645635334
0.22212379555853584
0.21626411709520552
0.22207608322302502
0.22776791315387795
0.2650728254091172
0.22386520935429466
0.22326570625106493
0.2180675285557906
