0.884884484940105
0.2572374939918518
0.6430799391534594
0.2761771607178229
0.8521850771374172
0.6805941341099915
0.792550486305944
0.3788700424962574
0.7216449504097303
0.8273623988584236
0.6209436102045907
0.7803512891133626
0.5799049501381223
0.7388701165715853
0.45612885753313703
0.7022649867667092
0.4847592683853926
0.5981355433662733
0.8009498357772827
0.6616033737858137
0.641748077891491
0.3148352807318723
0.6949201899546164
0.7227472439408302
0.778124488961129
0.6342718693945143
0.5335277739025298
0.5394230898883607
0.7310729297222914
0.5646141138341693
0.5825128187735875
0.5747775453187169
0.6446673836618189
0.6557527907468654
0.6092338275277254
0.5001061615489778
0.685118426879247
0.809770659164146
0.49784163653605273
0.7368212654477073
0.8582430796490774
0.7494249335593648
0.7747369752989876
0.6566216597954432
0.6941530996634637
0.585038723642864
0.6699113068757233
0.5878942902441378
0.7393860111633936
0.848099103404416
0.7924240935179923
0.8960391332705815
0.6752069278999611
0.6672842620147599
0.663259608326135
0.5515078773101171
0.5541571301884122
0.899843313485857
0.6137796971533034
0.5877239033579826
0.7022624882032173
0.5436268734553503
0.7525969829824235
0.5320158480770057
0.7063960941301451
0.7506108430248719
0.5662159257464938
0.6660005047207787
0.7284489450473635
0.49972105503082276
0.545055823524793
0.7951436738173167
0.5420005846895328
0.6774358766419547
0.6254789388587332
0.7288704827427864
0.64322493027299
0.7032218058904012
0.5776594538537283
0.5146448819668262
0.6352232195910007
0.7463294320636326
0.5284349292516708
0.6375061652174703
0.686893574198087
0.7472054537267026
0.7338131494798892
0.5552185235515473
0.6531111003529457
0.6130390917403358
0.6539903618671276
0.7139127308500106
0.6646361553720919
0.5539414028971743
0.7268556123506165
0.5699177027852448
0.5457224954609519
0.6535078652426468
0.5855055107247262
0.6246718245231104
0.4973431639795671
0.46100085497848564
0.7803396043323335
0.7401460069512564
0.7233845530363618
0.6811281939347585
0.6875251574567657
0.5279182062735633
0.5072000549899207
0.7316567334390822
0.684597970663555
0.6531807551781337
0.666224440380379
0.6345801666930869
0.6869706613203835
0.5576641046811663
0.7732881488222065
0.6880200167508804
0.7874635906975254
0.5801266239433691
0.7226091350771879
0.5970555952280983
0.582700620652086
0.7272241804371645
0.5036940471644987
0.6833665838685195
0.6773754527828596
0.664216045258874
0.6581997226327012
0.7303738330965077
0.717569152183003
0.5827019562041924
0.5348961551984152
0.5948059534033139
0.7105413354657315
0.5128772925703771
0.7148098967292092
0.540912485134507
0.663895962966813
0.6320069269449622
0.6657359592971348
0.5912109361517996
0.5529997819047126
0.8122732386047586
0.7565450275569787
0.73308073873783
0.45062144642902746
0.7561243715611371
0.6483738195328484
0.5448512550857332
0.37939045230547586
0.47686074232613596
0.3294614752133687
0.6249821526663644
0.6992979660866752
0.5941033621629079
0.40520475804805756
0.7743638969129987
0.6851240379942788
0.7220304782191913
0.4793957566221555
0.48317987885740066
0.36484477972542795
0.7834755718708039
0.672282150718901
0.41620526711146033
0.6460437807771895
0.6978664918630211
0.6162473089165158
0.4819724564514463
0.5594372581000682
0.6171324840850301
0.31907188768188155
0.31811175702346695
0.43206424183315695
0.726845753689607
0.6463747235635916
0.49915540019671123
0.5768734804789226
0.6399906480402657
0.6852033090260294
0.40088681976000473
0.39703610994749594
0.4313939986011338
0.462224981851048
0.3580013372831874
0.6488944245709314
0.5019716170926889
0.46694957326959685
0.5507307708263397
0.6056561213400629
0.45111906275389685
0.5040968479712804
0.4595485778955313
0.5640533779004608
0.5041074346412312
0.3590816408395767
0.3992785631406186
0.3197097544996147
0.6213363355492789
0.36130205385478925
0.49034285024991114
0.6102532049020131
0.5648831813423723
0.37724888785963967
0.4568689801820257
0.6171885706129527
0.37105416171252725
0.367861920083412
0.40136423927766307
0.5189559763327004
0.40533513365283846
0.4520343304342694
0.33442779691131025
0.36412437494527033
0.4277348925196935
0.35824008484681447
0.5828426437245475
0.5322875045558326
0.4856355254139219
0.26757792262440055
0.5642648892546142
0.5038325124908061
