0.884884484940105
0.512710260020362
0.6459358487810407
0.33810531585304826
0.8542688389619192
0.5982654624515109
0.3953048385324932
0.2647164911031723
0.4140307618512048
0.7097004199469531
0.589199772146013
0.7799694875876109
0.6918343361644519
0.38117945194244385
0.670470391484824
0.6634494630495708
0.4339076085223092
0.5107826358742183
0.8126064906517665
0.8166702662905058
0.641748077891491
0.47600377301375063
0.8166781034734514
0.39281789859135946
0.778124488961129
0.3773301370087124
0.5355014504421325
0.31715168555577594
0.7620576620101929
0.5646141138341693
0.7967348141802681
0.6891721069576249
0.6382595142201772
0.44799725852078864
0.4636811115675502
0.37144790736981376
0.647498295420692
0.7485590775807698
0.49602139213202917
0.7678479268437339
0.7668863468699985
0.7494249335593648
0.7107577283441284
0.6795136507541414
0.6593242147822438
0.590835115644667
0.681582342253791
0.6016623842771407
0.5989876605570317
0.8436255572570694
0.7775863137510088
0.43051510883702176
0.3061073323090871
0.630305700831943
0.6623580772015785
0.5785621780488226
0.49781308461118623
0.9004769663016001
0.6906172787701642
0.7776922807097435
0.6840792993704476
0.5744093563312139
0.7404213209946949
0.54448759679993
0.8348882286085022
0.7681964393015261
0.6513529628042191
0.3194363695202452
0.4474610653188493
0.6199454509076618
0.49166256851620144
0.7397298382388222
0.4885118957400883
0.6609145574363662
0.5077312809725603
0.6037716858916813
0.7485215318865246
0.7163292382602338
0.6743710352314843
0.42009642370163447
0.41384346445401515
0.7423051863908767
0.3827321082353592
0.7269524175811697
0.6757116002065164
0.7320348386581128
0.7052058139709034
0.3883128399886782
0.6527090673881863
0.3371940489720415
0.5447593530019124
0.6381692174029728
0.706886629746468
0.6762551410330666
0.7571425328126449
0.5865667221565095
0.4042914281288782
0.4926465278507298
0.5958991916643249
0.698333380753341
0.37764874514606267
0.4479501508000724
0.6265543691093616
0.6952737900551664
0.736878588355359
0.699967012140486
0.6004588927730682
0.4906060657015553
0.6236722690363725
0.6539759589566125
0.7275907042776308
0.6667065501213074
0.5469245230540252
0.6139912796750706
0.7800101359685262
0.5568905565662989
0.7200925249342967
0.6373588449067282
0.4475438324389634
0.6927255799951166
0.649343082971043
0.47180970869445926
0.531214428799493
0.4386126974029758
0.28352491927692314
0.344656267683342
0.5224251400176859
0.6544571768394238
0.5956255879903596
0.7005366141518587
0.7211716482905965
0.45429626201826423
0.6114830026290721
0.6231127615604135
0.4683249174405343
0.5232156937731837
0.6779737213992665
0.43582788388354854
0.7133345510640176
0.6641952507473805
0.5471023927250551
0.5511874273728684
0.6296658123237273
0.7412874250657975
0.8055535425742466
0.7127612232940759
0.46571160428162317
0.7427792486217286
0.3990392144079561
0.595671659376886
0.657827219650859
0.367267352839311
0.29678135779168874
0.6250225667442595
0.35154533882935846
0.3806169353149555
0.4284625831577513
0.7768956621487935
0.5511648638380898
0.3262654493252436
0.5341200773914656
0.3554149667421977
0.5247817251417372
0.26517143845558167
0.43498186894825536
0.22794842223326364
0.40788976599772775
0.2250357488791148
0.3000505268573761
0.6885969128873612
0.6104102551937103
0.735698619540091
0.5112219049974724
0.5650445631256811
0.48385154491379145
0.3292391300201416
0.5097885227865643
0.4267156309551663
0.662494200710897
0.43553754885991414
0.33484047038687603
0.3081071416536967
0.5637587721149127
0.44756474539085667
0.5422178005178769
0.43744608672365315
0.7352135374590203
0.3914241677238828
0.3819375392936525
0.37202483134137265
0.25163776675860083
0.5265612669170849
0.24112694412469865
0.566312999834144
0.37698373364077675
0.26750004092852275
0.2455024669567744
0.5846783724096086
0.5056657510913081
0.5921785137280315
0.44164593122623585
0.36720634765095184
0.7179368048078484
0.613143924060795
0.462690144777298
0.3862249453647484
0.3013013998667399
0.37323918342590334
0.4661432047684988
0.3271136752985142
0.38518003338859197
0.3372100284605315
0.32439767693479854
0.2724393581350644
0.2569924090589796
0.37407094831504517
0.5758834380058595
0.23983537687195672
0.49999574497342114
0.26856061496904915
0.6019271617686307
0.6920199680245585
0.5193119181527032
