0.8823630213737488
0.4707692248953713
0.6767947592217513
0.5379661805099911
0.7035800506671269
0.6807010593237701
0.792550486305944
0.24032625059286755
0.8363961651921272
0.7475790072370458
0.5843089239464865
0.7295894821484884
0.20968574782212576
0.7396330585082371
0.6511504212352964
0.6549004540840785
0.5168867210547129
0.5995264053344727
0.5045567025740941
0.47853248318036395
0.43043168716960484
0.35999655944329717
0.7540221611658732
0.5869801667001513
0.7528139665644005
0.4643801086478764
0.5427011108587659
0.5394230898883607
0.7280808372630013
0.49109200057056224
0.6342757153511047
0.4348431449797418
0.6432698692995633
0.6447875996430715
0.6093239655548875
0.5514224216793523
0.5830731507804658
0.7613650647420731
0.6547164411824427
0.783156464649301
0.8736958636177911
0.7494249335593648
0.7564989738166332
0.7154920943081379
0.6972613201097205
0.5806683795792715
0.6332093060332
0.5615116148083298
0.6516246874299314
0.8502992822064294
0.6713546564181645
0.8753969391187032
0.7007653972616902
0.7156192031171587
0.6939934884508452
0.5582914339171516
0.5073172323405742
0.8764692309829925
0.6283141987191306
0.7629632039202584
0.678571803574888
0.6563688849567105
0.7279550562670201
0.47590400253733
0.8291632302933268
0.8098993273244963
0.654855998026
0.7767898772822486
0.5957950043181579
0.6112446776544205
0.5775091131055166
0.7653120196527905
0.6870249056022423
0.6056616095935597
0.6000690133483322
0.7657176576780551
0.699797492755784
0.6880716514105749
0.6312358258626399
0.7296368733206123
0.5177288823657565
0.6112548326452574
0.6493074079354604
0.7440698605444696
0.7131458140344638
0.7597608059186202
0.6378466760213745
0.5175257698529296
0.34715882539749143
0.5663933257971492
0.6860240340132504
0.696218003621177
0.558546779758085
0.6650767793663506
0.5713462855134692
0.6256773664995475
0.5268175190017897
0.635796496024644
0.45434044514383587
0.6777309249034004
0.5690745226920597
0.5187022703800432
0.7662803795602586
0.7324703929837418
0.7211483713954386
0.7434919171863132
0.4339702980352097
0.5694084831331142
0.6118158756602894
0.5616324124512848
0.6484835732996075
0.6531973695471174
0.6145217050004889
0.4944789566174902
0.7870644790890776
0.6793196645381849
0.7565606570605076
0.6994405224747159
0.7916388458091449
0.49114129467616
0.7028224883334977
0.552444000407095
0.599264224918066
0.6886297851734022
0.5092731948041832
0.5746888026288507
0.6475669773248037
0.577816965022071
0.6263642493773389
0.6818021446466446
0.7042746282654043
0.6592208515643653
0.4828696511176407
0.7053664581107548
0.6333655399249659
0.6169792130510643
0.752585504245427
0.5375533524865196
0.5939131713812313
0.6158908760543903
0.6812992234709401
0.4768911520353357
0.7110187287282461
0.706436291973815
0.737413773432984
0.7399215414410545
0.43327998307844
0.7293250362393717
0.6499520954158571
0.4997204947802756
0.642233931237743
0.4020100020700031
0.38256380607684454
0.44921084197740707
0.5331928163766861
0.5678310046593349
0.6662249614795048
0.6628816395998001
0.6575225740671158
0.7015728255112966
0.5240874106685321
0.46894860184854936
0.4609036771787537
0.8182586567742485
0.7413195957740149
0.7927275981248161
0.5606508879576411
0.576260145678722
0.5874093999796444
0.5665461232519557
0.8245386530955632
0.8463191737069024
0.4944762529598342
0.48879267093208095
0.6079401036103567
0.7399063215211585
0.7110191427597694
0.5677680774971291
0.735484055015776
0.6573531373152657
0.6648982187296137
0.40068400661150616
0.7489719207824013
0.47866723826437285
0.491407878862487
0.49017909515385677
0.5910066604614258
0.6705590818491247
0.6307552404819974
0.601406701847359
0.5643663929292448
0.4880962742699517
0.5708773114946154
0.5105495281351937
0.5773143495165045
0.4947495626961744
0.5642521274349992
0.592020621384033
0.651975095091444
0.6544745104248021
0.47827776925601173
0.5861791057719125
0.6101728492613995
0.675681884084085
0.5532738508213134
0.5235941355032896
0.684141261899282
0.42769409963508054
0.5383622973223359
0.636674774158579
0.582963667060963
0.4640135246462439
0.4202675395554861
0.6108041554781389
0.5613751612068001
0.5443938122815871
0.6798584149575527
0.5852202569555353
0.4942387660269183
0.6999159839031569
0.5566324072530846
0.6324814351641724
0.5835622528844753
