0.884884484940105
0.4701919174856609
0.38106968052803525
0.31833344090867927
0.8542688389619192
0.7337584929333792
0.7903259506301274
0.4855512888343246
0.7216449504097303
0.6083472387658225
0.5388037794166141
0.7803512891133626
0.5631551370576575
0.715081050992012
0.6395467964537216
0.7051819635762109
0.3926493917350416
0.5107826358742183
0.8126064906517665
0.4694281021753947
0.6393421739339828
0.5013574063777924
0.9074180324872334
0.5989364385604858
0.7743546989465517
0.5765476899014579
0.5335277739025298
0.5394230898883607
0.71828060845534
0.6001498715745078
0.47369578357726805
0.6526235597981076
0.5338607747781845
0.4780205044481489
0.5904434078269534
0.4582227408885956
0.6432722359895706
0.7013222659351649
0.6590511255058241
0.7340911484899975
0.8489911811692374
0.7435093108150694
0.5034692750233993
0.3529676952295833
0.6562671851228784
0.5221632923516962
0.6850862121140515
0.5452797662604738
0.6780320000080835
0.4402388292882178
0.807151918609937
0.9025395901666747
0.6180476645628611
0.6398751752244102
0.6326575369378667
0.5785621780488226
0.5082058117345527
0.8024093366804577
0.3131178323869352
0.7829099620381991
0.6358448122938474
0.42772750529375947
0.6876322040482172
0.5405521465672387
0.599045543372631
0.7729346911112467
0.5594322154588169
0.4544674893822333
0.6247160498111968
0.5170212997932626
0.5744375846452183
0.7113014858479452
0.6091506966135718
0.7228913811989772
0.462595232916467
0.6376418779530222
0.48715018452632997
0.7333420356114706
0.49702424707575743
0.4567638769982353
0.5625939990022055
0.7036645869414011
0.5520640251182375
0.6910158044762081
0.5088786770900091
0.5944396859841697
0.6913252410416346
0.6320476352695434
0.5464742136380029
0.5275086364930583
0.6318485936317495
0.6646642569736918
0.47344215258404054
0.5554604697176534
0.6672036991503234
0.588846096686191
0.5140179646663925
0.6494676570197195
0.5871008154103365
0.6121028340525096
0.4173680361886864
0.30880470828622836
0.6504484711725966
0.671673934439044
0.6965012492830791
0.5227036717865202
0.5620202434725231
0.597689270657837
0.47770921001358635
0.5810296386480331
0.5727789747778069
0.6344587055936692
0.5490001437288743
0.6199282304740246
0.6464031454589632
0.6928372490027594
0.6426678054561519
0.6334473339728061
0.6092819281198361
0.46182191357726143
0.6717190685135032
0.5357037697450008
0.6732349095626272
0.5715683245558179
0.4574191851432992
0.503085087345104
0.5483861001996377
0.5681402962237876
0.516872926375
0.6468043412481035
0.5903527199157647
0.4745399482648306
0.6280421981972362
0.3793311997972153
0.5894774399472006
0.5090725255958618
0.6451949736586324
0.5511704403729666
0.5594510361065272
0.5076888175692604
0.6336974426079048
0.46849532157755336
0.5200815858979705
0.771817054020034
0.6540270100037257
0.6802401773814817
0.5720039039022393
0.6444653416800702
0.6483738195328484
0.40192358444134396
0.6381904250383377
0.39349703027142424
0.3052034887174765
0.5991930016449519
0.7004583305546216
0.6256870985031129
0.6655658086140951
0.5442542930444082
0.36939262102047604
0.6789092110262976
0.39387892484664916
0.6721350180881995
0.35236985319190556
0.5312376803821988
0.7712643368376626
0.5662305876612663
0.4097729486723741
0.4514346617239493
0.439952460428079
0.5528395769141969
0.7417818007093889
0.47839384774367016
0.26730123741759193
0.2952166928185357
0.2844358200644269
0.6575472263826264
0.37137794376365724
0.28688670529259575
0.34668127342506694
0.4830508778917144
0.6135312688019541
0.30250514565092146
0.2956465456902591
0.4101536664881824
0.37362800786892575
0.3274996333888599
0.49405184785525
0.3074868556224939
0.2908499758050899
0.5115856046477953
0.41406139979759854
0.30699313845899373
0.31588155811741236
0.4276780049260865
0.5014224212794077
0.4368407589102548
0.3684346206762173
0.3054372662033131
0.3443269451459249
0.5539396666534363
0.2481133977572123
0.40262330571810406
0.6301483742516449
0.45092705587546034
0.2529351685255293
0.39605644889294156
0.4337868261541057
0.298257966113813
0.3880493211998511
0.3614917549270171
0.3298031325851168
0.39051486409845804
0.44190417547468785
0.5157334426113593
0.35666155137082256
0.32972771458042544
0.34015977796581054
0.6040474393025592
0.49379311460587716
0.37325392103699784
0.31143216730183004
0.4938107642765138
0.43199750367138123
