0.9033291323317422
0.40438150366147363
0.36996290939194815
0
0.9107977168427572
0.6809862195341676
0.5897776802178143
0.3630851447582245
0.5444199989239374
0.8070175642216647
0.53573187523418
0.7908045795228746
0.734699870414204
0.7316525081793467
0.633968968007099
0.7022649867667092
0
0.5683025800519519
0.49208833773930866
0
0.6393421739339828
0.5014831684411518
0.7562618007262547
0.5989364385604858
0.6225789547912658
0.5826099491781658
0.5033307316419489
0.4936595658461253
0.7483767254485024
0.44696956265855714
0.6355423067675696
0.7274509862774894
0.47071005719889614
0.6765426267076422
0.6922585813535584
0.5281471601790851
0.6713209847609203
0.6292140881220499
0.6140906111823534
0.7678479268437339
0.7406472245852153
0.7432623161209954
0.6443446083201302
0.7505063694147838
0.7563635490558764
0.5583674190536377
0.5576009758313497
0.6335393422179751
0.7282457853025861
0.8791511537300216
0.7943495542757095
0.8544807235399883
0.6848354207144843
0.6861849416185308
0.6826807550258107
0.6044184696012074
0.5753055016199748
0.9016236073440975
0.5943603130560072
0.8382112617293993
0.6356844248043165
0.5220885847708439
0.5392936571077867
0.48297926303413174
0.82829772664441
0.7600035491207289
0.6117604479745582
0.7546686709529222
0.6054409809055783
0.5821444239723619
0.6585065073437162
0.7491047294971385
0.7101697661740884
0.6063367222509687
0.5458967245287365
0.5917723432183266
0.5533376972511332
0.671935386910583
0.6126342764331235
0.4722088414525229
0.6726459649063292
0.8027282473113801
0.641156640506926
0.6733467800197778
0.7870517226438674
0.741526932008632
0.7217119578664799
0.7128157015830752
0.569354514470176
0.4889408190335546
0.6274487128254598
0.7050195821337639
0.48872249567950216
0.6347809091145858
0.6617136603719974
0.681531606087781
0.6705295398422821
0.679537871909849
0.5787329339665711
0.6389240522233266
0.5429806738723943
0.5808469701997359
0.7788669590439116
0.7372494105566804
0.7034361792935265
0.6679241743352679
0.6387344866838991
0.5051984582391996
0.6915642263431743
0.72496466015776
0.6727947176739992
0.6386227720313602
0.450461346021405
0.6296518685089216
0.724545071936316
0.6539089400735165
0.7567883002938647
0.6873684213211486
0.749314529683303
0.632203678211207
0.7456053353491283
0.6129175420491784
0.6109198010157024
0.5645445502602179
0.525416482700312
0.4987849103692088
0.5970368648143041
0.6508513529610236
0.7637561186438515
0.738266847909443
0.7680777950468016
0.653533300897879
0.5928935101462736
0.6853097992638746
0.7079179031792142
0.6049625424165574
0.7468107922014847
0.6288453764701015
0.5714958709147242
0.5774089766379893
0.672558570679582
0.5805744416499263
0.5312070324140437
0.7748249378396479
0.7514291848297472
0.7523423898954684
0.5477709060741796
0.6582867970731523
0.6483738195328484
0
0
0
0
0.6219729561181295
0.5127603395117654
0.6245977378553814
0.371262992421786
0
0
0.6931396971146266
0
0.5176192935970094
0
0.7965851326783497
0.6969986289739609
0.8264011121458477
0.4561967973907789
0.7301306435355435
0.47386424740155536
0
0.5547759174196809
0.6232248732337246
0
0
0
0.7360182719098197
0.5015655859973696
0
0.6765532086955176
0.7025093530615171
0.7028507580911671
0.4265502903196547
0
0
0.48982281817330253
0.400236909588178
0.7810546875
0.5084281464417776
0.4999192237854004
0.6500274944873083
0.4726354666054249
0
0.5142927187397367
0.48480328089661073
0.6060037708156324
0.5547688134511313
0.5055619776248932
0.4662264146738583
0
0
0
0.7164566641052563
0.6811739520894156
0.5103938460350037
0.5462093214193979
0.48831339961006526
0.5944235816046043
0.6120239228010178
0
0.5947192388552206
0.5698479798735765
0.4778277216365143
0.4308332609633605
0.5859334536087819
0.3955963498870677
0.6055171797199854
0
0.6353438007768499
0.5702753467059214
0.4895815917108425
0
0.5798675703505675
0.4936143401320333
