0.9033291323317422
0.5639899720748266
0.6879346069362429
0.3018930561012692
0.8521850771374172
0.6226961527709607
0.7545720570617251
0.22760810206333798
0.7216449504097303
0.6456365590846096
0.5349104362063938
0.7120751247361854
0.5907616790797975
0.7642981211344402
0.6481894372127674
0.6965983152389527
0.4984464899257377
0.5107826358742183
0.7995602091153462
0.8717819722714248
0.6470827700363265
0.2547813852628072
0.8621005399359598
0.7131066222985586
0.7776505956101039
0.6034837474425634
0.5262129972851467
0.540700238611963
0.7459640651941299
0.568003770377901
0.7259750968880123
0.7628399000551696
0.7202655413106063
0.5659998988663709
0.6931357239174027
0.47547567279165626
0.66845089575601
0.7232120511708435
0.6441180245337199
0.7253038868308067
0.7419533174898889
0.7474302773201277
0.5768683323153743
0.6566216597954432
0.7178705814811919
0.5786692238516278
0.6674011747988444
0.6063107615267789
0.6825163536325649
0.856774644167335
0.7654408812522888
0.7989405661821365
0.6132831764717896
0.6819506174988217
0.6848147105839516
0.5846374461385939
0.5349143524136808
0.8715222935985636
0.6143913517395656
0.6298015672299597
0.6832699463875205
0.564266773947963
0.5491742082216121
0.5052371136725895
0.736640691343281
0.7793624263118815
0.5417121797800064
0.621834738055865
0.6495787880959965
0.7211823903852039
0.5451650271813074
0.7353956425079593
0.6464371871971895
0.7034834270675977
0.6517563813262516
0.5195399743890522
0.6289462027647508
0.7511740865360976
0.6288605597284105
0.5776393572252894
0.682004759732693
0.7117612858613331
0.6195919439906166
0.7010279751486248
0.6090548828116849
0.7893894101861876
0.6832780688316314
0.571065589380853
0.5580080126722654
0.5530162031451861
0.7048525833105914
0.70428084300624
0.706132894202515
0.6930761627261601
0.6323308471708544
0.6908302167578348
0.5433249223169195
0.6056657571568449
0.49140197112236494
0.5946966139475505
0.4742568451615553
0.4990458394200713
0.7010267479197374
0.6541622918344139
0.6637412858928412
0.7184463802311156
0.6106763085783745
0.4962407565779156
0.5665954695807562
0.5767327792942524
0.6947368647307945
0.6580453548166487
0.6077033366180128
0.5954065732855014
0.7023525370491875
0.6520304881891951
0.7623983204916671
0.6744712947886526
0.7563345570385067
0.629006144868003
0.6611308055986638
0.6223019681192209
0.6052362452575138
0.7489715729938273
0.5386102834741625
0.5974322772518037
0.6940520573868945
0.6096585432173361
0.6918554715693943
0.6577605654935098
0.6968032519022624
0.6336126003333855
0.5432561859926757
0.671541590988636
0.7032430851743334
0.539026031961218
0.7246086562063263
0.570769733024968
0.6265669503145748
0.6500697030297596
0.6396814012653613
0.5523038678646508
0.587217245139773
0.7213552436407875
0.7570825384722815
0.7276439083316338
0.5845715500855887
0.672910466579145
0.6486379184893198
0.6111204935444725
0.7113786672552427
0.367267352839311
0.4975276291370392
0.4740210060629986
0.6992979660866752
0.5941033621629079
0.8653517451551225
0.7808126277393765
0.672451976272795
0.7015728255112966
0.5341200773914656
0.5612606412834591
0.47566977639993036
0.7582171985081264
0.7365807086229325
0.7722870133541249
0.688271880398194
0.7440429423970205
0.7423808605661468
0.7209457175599204
0.7271950559483634
0.8277084821904147
0.5112219049974724
0.5650445631256811
0.4467071130319878
0.799079544014401
0.7329592246700216
0.4711103108194139
0.6737195830407485
0.6544954294959704
0.6884403987063302
0.5926505104535156
0.5475146326753828
0.40119986987776224
0.4924935303904392
0.4423668990532557
0.6808132176361387
0.753041089574496
0.6899422347545623
0.5679877947877955
0.7144013396432611
0.5484102124638028
0.5537702977468097
0.7041606707705391
0.5991160079882921
0.5710571273609444
0.644780057006412
0.59681238161193
0.513336330210721
0.724555962155105
0.5330666562326911
0.6269743879636129
0.6649254875050651
0.5689606070157254
0.5048153011790125
0.6521707126460621
0.602024394494516
0.39943796706696355
0.5585496574764762
0.577612795829773
0.5327849673268236
0.578128952901442
0.6057852455111213
0.5886025011101188
0.5325080668800092
0.5576732426724106
0.5323001556374409
0.6533235363058798
0.6217457758729379
0.6889521150610899
0.46395960582627194
0.6761292544886088
0.5678246832556195
