0.7940338601668675
0.4174338777860006
0.6474815284922009
0.2562778095404307
0.8636268948515256
0.2308990110953649
0.6251555565330718
0.23635434938801658
0.6892599364121755
0.6382822857962713
0.6242377771271599
0.6978521425690916
0.6633459241522683
0.6935521940390269
0.7540522166151413
0.6816974848508834
0.22652853031953174
0.6961512184805341
0.4095445896188418
0.2437913914521535
0.69469218507961
0.24008958538373312
0.8532962578314323
0.6763060904211469
0.7342408663739717
0.5872470539240611
0.6196223471727637
0.4817694107691447
0.6915229186415672
0.2320755769809087
0.23591906163427567
0.22774687161048252
0.23084287842114765
0.2275262176990509
0.5613684808341866
0.22730415562788647
0.6029260975343209
0.6563883360731538
0.6660015444307112
0.7994689704793871
0.8405463347832363
0.6889865245256159
0.6937670484737114
0.22646529475847882
0.22928920719358656
0.5203215175940666
0.6535394010720429
0.5973345140616098
0.2354833980401357
0.22946572303771973
0.23203649868567783
0.7979652550485399
0.23150651984744602
0.6203668819533454
0.23195313413937885
0.23466668526331586
0.2323135534922282
0.8024093366804577
0.2327381405565474
0.7884890114267666
0.23354072868824005
0.233487864335378
0.2338746428489685
0.23601742188135783
0.7419949952099059
0.2330222949385643
0.2244013821085294
0.23175615270932515
0.6577293642929622
0.22932892441749572
0.5942516922477692
0.7870431072655178
0.22390622148911157
0.23095207611719767
0.5317795868430819
0.2288529872894287
0.7418127468028203
0.23324038982391357
0.22548903226852418
0.23202046950658162
0.2324225405852
0.7504738413625294
0.2597995082537333
0.22982994516690572
0.2300709545612335
0.23213980793952943
0.22972355782985687
0.23756107886632283
0.23503919939200085
0.23281418532133102
0.2341750827100542
0.23168623731249854
0.23247859047518837
0.2321917663017909
0.22735949522919124
0.23192543619208866
0.2227803071339925
0.22889249126116434
0.2336431628181821
0.6121028340525096
0.225220840601694
0.60784263325116
0.22670642818723408
0.2335801025231679
0.2330586967014131
0.23480945428212485
0.23456964180583045
0.23348641892274222
0.22729485034942626
0.22551492849985758
0.23879042693546843
0.2310883581638336
0.23058720264169905
0.23059120277563733
0.23253056241406334
0.23053075018383207
0.23165755139456856
0.24003929893175763
0.23025588360097674
0.31890642642974854
0.23261521011590958
0.2318842646976312
0.23276757484390623
0.22930825860412032
0.22455724411540562
0.23401398176238652
0.23297778623444693
0.23353240887324017
0.23312660767918542
0.23202044055575416
0.23288745557268462
0.3849973604083061
0.23397020871440571
0.22742538650830585
0.22850899274150532
0.2322847828978584
0.23363036248419022
0.5807550882536268
0.23125780373811722
0.22959744930267334
0.23222774267196655
0.2308191316468375
0.23002241764749798
0.25773904886510635
0.23220698907971382
0.23305441226278034
0.23085776468118033
0.2323114077250163
0.6315171995924578
0.24472995102405548
0.23539849122365314
0.23476623992125195
0.23128178219000498
0.23263350625832876
0.6830722093582153
0.6479453656408523
0.6811072604523765
0.24253726502259573
0.2411927729845047
0.6677257440708302
0.30518241723378503
0.6452705882371418
0.32108577092488605
0.229227473338445
0.2360886534055074
0.23567586888869604
0.22742320597171783
0.22582847873369855
0.22945901254812878
0.23853877186775208
0.23643682731522453
0.23362316025627983
0.24376080930233002
0.25681864966948825
0.3593907786740197
0.23639253278573352
0.2303631752729416
0.24945313731829327
0.23301035165786743
0.2343796466787656
0.23268106828133267
0.3055009424686432
0.2877660095691681
0.35560254504283273
0.23241412887970608
0.22984466205040616
0.23615225354830424
0.23159656723340352
0.23100470105806986
0.23726685841878253
0.22617610047260922
0.23575085898240405
0.22372426191965739
0.22677292591995662
0.22649222612380981
0.22804474035898845
0.2577627549568812
0.2624696731567383
0.3127252916495005
0.23263582587242126
0.23066781560579935
0.23385707868470085
0.23637726075119442
0.23683993617693583
0.23427505436397733
0.2319127851062351
0.23362243970235186
0.22983784874280294
0.23141754170258838
0.2381206927476106
0.23344590976124718
0.2232143836362021
0.22854150955875716
0.22594351818164188
0.2463159944329943
0.2943973995390392
0.31924890644020504
0.2305397109852897
0.23271657153964043
0.22910815051623754
0.23405475914478302
0.23354647556940716
0.23322719956437746
