1.0
1.0
1.0
1.0
1.0
1.0
1.0
1.0
1.0
1.0
1.0
1.0
1.0
0.0
1.0
1.0
1.0
1.0
1.0
1.0
1.0
1.0
1.0
1.0
1.0
1.0
1.0
1.0
1.0
1.0
1.0
1.0
1.0
0.5
1.0
1.0
1.0
1.0
0.5
1.0
1.0
1.0
1.0
0.5
1.0
1.0
1.0
1.0
1.0
1.0
1.0
1.0
1.0
1.0
1.0
1.0
1.0
1.0
1.0
1.0
1.0
1.0
1.0
1.0
1.0
1.0
1.0
1.0
1.0
1.0
1.0
1.0
0.4
1.0
0.8571428571428571
1.0
1.0
1.0
1.0
1.0
1.0
1.0
1.0
1.0
1.0
1.0
1.0
1.0
1.0
1.0
1.0
1.0
0.8571428571428571
1.0
1.0
1.0
0.8571428571428571
0.75
1.0
0.8571428571428571
1.0
0.5
1.0
0.8571428571428571
1.0
0.888888888888889
1.0
1.0
1.0
1.0
1.0
1.0
0.8571428571428571
1.0
1.0
0.888888888888889
1.0
1.0
1.0
1.0
1.0
1.0
1.0
1.0
0.7499999999999999
0.8000000000000002
1.0
1.0
0.888888888888889
1.0
1.0
1.0
1.0
1.0
1.0
1.0
1.0
0.8000000000000002
1.0
1.0
1.0
1.0
1.0
1.0
1.0
1.0
1.0
0.888888888888889
0.0
0.0
0.0
0.0
0.0
1.0
0.0
1.0
0.0
0.0
0.0
1.0
0.0
0.0
0.0
0.5
0.0
0.5
0.5
0.3333333333333333
0.0
0.5
0.5
0.0
0.0
0.0
0.5
0.0
0.0
0.0
0.30769230769230765
0.6
0.6
0.0
0.28571428571428575
0.3333333333333333
0.0
0.0
0.0
0.5454545454545454
0.4
0.25
0.5714285714285715
0.28571428571428575
0.4
0.4
0.25
0.18181818181818182
0.0
0.0
0.0
0.16666666666666666
0.0
0.0
0.6666666666666665
0.08
0.15384615384615383
0.0
0.0
0.04444444444444444
0.22222222222222224
0.0
0.14285714285714285
0.22222222222222224
0.15384615384615385
0.0
0.6666666666666666
0.16666666666666666
0.0
0.4615384615384615
0.12500000000000003
0.0
0.3076923076923077
0.0
0.0
