1.0
1.0
1.0
0.0
1.0
1.0
1.0
0.0
1.0
1.0
1.0
1.0
1.0
1.0
1.0
1.0
0.0
1.0
1.0
1.0
1.0
1.0
1.0
1.0
1.0
1.0
1.0
1.0
1.0
1.0
1.0
1.0
1.0
1.0
1.0
1.0
1.0
1.0
1.0
1.0
1.0
1.0
1.0
0.5
1.0
1.0
1.0
1.0
1.0
1.0
1.0
1.0
1.0
1.0
0.8
1.0
1.0
1.0
1.0
1.0
0.6666666666666666
0.8571428571428571
0.8
1.0
1.0
1.0
1.0
0.8
1.0
1.0
1.0
1.0
1.0
1.0
1.0
0.8
1.0
1.0
1.0
0.6666666666666666
1.0
1.0
1.0
0.8
0.6666666666666666
1.0
1.0
1.0
1.0
1.0
1.0
1.0
1.0
0.8571428571428571
1.0
0.888888888888889
0.75
1.0
1.0
0.8571428571428571
1.0
0.75
0.8571428571428571
1.0
1.0
0.8571428571428571
1.0
0.8571428571428571
0.8571428571428571
1.0
1.0
0.8571428571428571
1.0
1.0
1.0
0.6666666666666666
1.0
1.0
1.0
1.0
1.0
1.0
1.0
1.0
1.0
1.0
0.888888888888889
0.888888888888889
0.888888888888889
1.0
1.0
1.0
1.0
0.8000000000000002
0.5
1.0
1.0
0.6
0.8000000000000002
1.0
0.888888888888889
0.888888888888889
1.0
1.0
0.888888888888889
1.0
0.888888888888889
0.888888888888889
1.0
1.0
0.6666666666666666
1.0
1.0
1.0
1.0
1.0
0.0
1.0
1.0
1.0
1.0
0.0
1.0
1.0
1.0
0.5
1.0
1.0
1.0
1.0
1.0
1.0
0.0
0.3333333333333333
0.5
1.0
1.0
0.0
1.0
0.8571428571428571
0.8
1.0
0.3333333333333333
0.3333333333333333
0.8571428571428571
0.8571428571428571
1.0
1.0
1.0
1.0
1.0
1.0
0.8
1.0
1.0
0.75
0.5
0.25
0.25
0.8571428571428571
0.5714285714285715
1.0
1.0
1.0
0.5714285714285715
0.25
1.0
0.5
1.0
0.6666666666666665
0.7272727272727272
0.8000000000000002
0.5
0.4000000000000001
0.25
1.0
0.22222222222222224
0.888888888888889
1.0
0.8000000000000002
1.0
0.6
0.22222222222222224
