1.0
1.0
0.0
0.0
1.0
1.0
1.0
1.0
1.0
1.0
1.0
1.0
1.0
1.0
1.0
1.0
0.0
1.0
1.0
0.0
1.0
1.0
1.0
1.0
1.0
1.0
1.0
1.0
1.0
1.0
0.8
1.0
0.6666666666666666
0.0
1.0
1.0
1.0
1.0
1.0
1.0
1.0
1.0
1.0
0.0
1.0
1.0
1.0
1.0
0.4
1.0
1.0
1.0
1.0
1.0
1.0
1.0
1.0
1.0
0.8
1.0
1.0
0.6666666666666666
1.0
1.0
1.0
1.0
1.0
1.0
1.0
0.3333333333333333
1.0
1.0
0.8
0.8
1.0
1.0
1.0
1.0
1.0
0.5714285714285715
0.8571428571428571
1.0
0.7499999999999999
1.0
0.6666666666666666
1.0
1.0
1.0
1.0
1.0
1.0
1.0
0.75
0.7272727272727273
1.0
1.0
0.5714285714285715
1.0
0.0
1.0
0.6666666666666666
0.25
0.75
0.5714285714285715
1.0
1.0
0.4
1.0
1.0
0.5
1.0
1.0
0.75
0.8571428571428571
1.0
0.75
0.5
0.5333333333333333
1.0
0.6666666666666665
1.0
1.0
0.7499999999999999
1.0
0.888888888888889
0.9090909090909091
0.8333333333333333
0.8000000000000002
0.7142857142857143
0.6666666666666665
1.0
0.4000000000000001
1.0
1.0
1.0
0.6666666666666665
0.7499999999999999
1.0
1.0
0.6
0.8000000000000002
0.8333333333333333
0.8000000000000002
1.0
1.0
1.0
0.7499999999999999
1.0
1.0
1.0
1.0
1.0
0.5
1.0
1.0
1.0
1.0
1.0
1.0
1.0
1.0
1.0
0.0
1.0
1.0
1.0
1.0
1.0
1.0
1.0
0.8
0.8
0.8
0.8
0.4
1.0
1.0
0.0
1.0
0.5
0.6666666666666666
0.3333333333333333
0.28571428571428575
0.3333333333333333
0.5
0.8571428571428571
1.0
0.6666666666666666
0.6666666666666666
1.0
1.0
0.0
0.8571428571428571
1.0
0.8
0.75
0.0
0.25
0.25
0.75
0.5
1.0
0.6666666666666665
0.25
0.6666666666666666
0.0
0.28571428571428575
0.75
0.6153846153846154
0.22222222222222224
0.6
0.888888888888889
0.6
0.4444444444444445
0.5454545454545454
0.20000000000000004
0.8000000000000002
0.6
0.6
0.8000000000000002
0.5454545454545454
1.0
0.6
