1.0
1.0
1.0
1.0
1.0
1.0
1.0
1.0
1.0
1.0
1.0
1.0
1.0
0.5
1.0
1.0
1.0
1.0
1.0
1.0
1.0
1.0
1.0
1.0
1.0
1.0
1.0
1.0
1.0
1.0
1.0
1.0
1.0
0.5
1.0
1.0
1.0
1.0
0.5
1.0
1.0
1.0
1.0
1.0
1.0
1.0
1.0
1.0
1.0
1.0
1.0
1.0
1.0
1.0
1.0
1.0
1.0
1.0
1.0
1.0
1.0
1.0
1.0
1.0
1.0
1.0
1.0
1.0
1.0
1.0
1.0
1.0
0.5
0.5
1.0
1.0
1.0
1.0
1.0
1.0
1.0
1.0
1.0
1.0
0.75
1.0
1.0
1.0
1.0
1.0
1.0
1.0
1.0
1.0
1.0
1.0
0.6666666666666666
0.75
1.0
0.75
1.0
0.5
1.0
1.0
1.0
0.8
1.0
1.0
1.0
1.0
1.0
1.0
1.0
1.0
1.0
0.8
1.0
1.0
1.0
1.0
1.0
1.0
1.0
1.0
1.0
1.0
1.0
1.0
1.0
1.0
1.0
1.0
1.0
1.0
1.0
1.0
1.0
0.8
1.0
1.0
1.0
1.0
1.0
1.0
1.0
1.0
1.0
1.0
1.0
0.0
1.0
0.0
1.0
1.0
0.0
1.0
1.0
0.0
0.0
1.0
0.0
0.0
0.0
0.3333333333333333
0.0
0.5
0.0
0.02702702702702703
0.0
0.5
0.0
0.0
0.0
0.0
0.5
0.0
0.0
0.5
0.0
0.16666666666666666
0.6
0.0
0.3333333333333333
0.2
0.0
0.0
0.0
0.6
0.2
0.2
0.6666666666666666
1.0
0.0
0.0
0.25
0.0
0.25
0.16666666666666666
0.0
0.3333333333333333
0.0
0.0
0.8
0.1111111111111111
0.16666666666666666
0.3333333333333333
0.4
0.3333333333333333
0.25
0.16666666666666666
0.16666666666666666
0.0
0.0
0.2
0.4
0.0
0.0
0.2
0.25
0.0
0.0
0.0
0.0
