0.999999995
0.999999995
0.9047810072259528
0.7715922266388081
0.9325251586636575
0.4761044772485714
0.9720834251511388
0.9776893427991424
0.999999995
0.9325251586636575
0.9776893427991424
0.06022312480230565
0.7439472480279464
0.16077057948582224
0.7625068459666494
0.854170682311361
0.603087080317676
0.999999995
0.7027620570781591
0.05914768040318065
0.7318334801985548
0.7558711437960636
0.999999995
0.4254336197266519
0.8074898809248078
0.8228606027306813
0.9106403005197073
0.999999995
0.7104073094136787
0.6532919789399745
0.5616159805068969
0.7454579302448608
0.9134238208882576
0.4534094259438853
0.777421813864483
0.5750280671011896
0.6459355684160704
0.013063593532674046
0.7411042960632643
0.845494994958404
0.8127544210517655
0.999999995
0.8457193065206088
0.8975053254204255
0.8131562562605487
0.8533332371255653
0.798464112225422
0.8306922146646347
0.5595120168648464
0.8760920258785122
0.7773203826830165
0.7160971322711621
0.6517622086944527
0.5865527986211738
0.8022239797203791
0.555818667874441
0.46848254076097207
0.7741846825174674
0.7023206006303909
0.5615868304293752
0.6993197825737428
0.5663902397091486
0.5825559242575926
0.5639657224035661
0.6229953757604773
0.46262276079416714
0.685603144346438
0.5294757696200374
0.5255515361562413
0.502639468090556
0.743209316754496
0.6834822060947147
0.5570997746658826
0.6856898506588438
0.5375534609298535
0.6451980801015779
0.7201484144011029
0.3692695208446414
0.776307455154643
0.5613845170661971
0.7703943769852529
0.3504595277435746
0.11737018837174303
0.6159480674769168
0.7493326996873334
0.8868284023704871
0.819355316007247
0.733682961138047
0.41995851364937736
0.4656727507749884
0.8381860623937347
0.5335059396984119
0.6211565862909418
0.5724415933930144
0.5206108384648539
0.5919330931244292
0.4432746621920433
0.42476299286499575
0.4781313673755293
0.6969786530111003
0.6494364011380469
0.5290465224446611
0.7558067552972082
0.4535607458486592
0.728485649685554
0.5612121675807702
0.6240045319317866
0.47479541555814797
0.6160474232733356
0.48011171298078154
0.760654185471593
0.5272547411436688
0.5088824894511839
0.7398572943454977
0.4985126575871081
0.6631167589042835
0.7692973641958626
0.911150120594761
0.5772809351442191
0.542084033139687
0.6433681947816968
0.5826070156021522
0.41574240961582637
0.6153431081711064
0.5742465252976117
0.3771122365623562
0.6493156810569386
0.6043057609284399
0.3947328740928197
0.5657243912919874
0.5558794877271057
0.7042063884372417
0.5691483757016329
0.5096519802224548
0.606340228587937
0.7030114108127619
0.7338126642409287
0.4904827908110581
0.5160146710878202
0.6435861895819202
0.7789882280801885
0.612910307247379
0.8890927071676733
0.6334811613444102
0.7632903873795381
0.9127716333821627
0.5109861032666108
0.5907095936984058
0.4202739739623367
0.3925299814952679
0.46964275924800164
1.8497697868250343e-05
0.4253400016880198
0.7166498348574573
0.44802854441324
0.6058954087035855
0.00210058038073231
0.2913513930824016
1.8471751916265156e-05
0.47798958031776934
0.03681624422978054
0.0017805833738191786
0.028722943167793467
0.5188785143490988
0.0005218087215793727
0.4264732854351495
0.21846619885636484
0.03444814885226225
0.00021817312919728885
0.006302366677916723
0.05804065422472243
0.0008891407960304551
0.2579507764606014
0.00946948661540875
0.16652957614592687
0.0009330753550596147
0.5199045349838777
0.008040918852018235
0.1529540567868124
0.0030752372794990756
0.40899131351450513
0.06191871513064032
0.029407468293456498
0.18124907598199727
1.9996462727874467e-05
0.020944108633988046
0.002533939489788528
0.00618522001120721
0.2832000442316198
0.010874595321651255
0.07476681947763694
0.013657518981112287
0.316576611039579
0.11078432442437437
0.1518315060421795
0.04476030764313623
0.006855194499439677
0.00921242767027039
0.1700113753957244
0.0591555228351833
0.002174230466298569
0.025768620920320118
0.00424986537088025
0.0032497369152245273
0.008672586055174885
0.23624727315865496
0.3849468874762212
0.2863300485052959
0.02302632281396589
0.012446727706545925
0.3060029370491151
0.2661511568873263
0.057246282239197595
0.03555837418561922
0.39704484909081894
0.23218172941682685
0.038799396122048184
0.3042437874394952
0.35699878000031593
0.17575511213555692
0.2778475459408867
0.021321809150462463
0.0052076024493583895
