0.999999995
0.6065971562939025
0.3994746456011567
0.6918643775964367
0.6307053680228404
0.999999995
0.9720834251511388
0.2913513930824016
0.5344810753855782
0.9325251586636575
0.26334556516198243
0.5501547274768162
0.5972962147449712
0.2569037971690775
0.6450386528309983
0.826701641325482
1.998724859388597e-05
0.8284271198933765
0.999999995
0.17468984624494097
0.7262568005412857
0.9325251586636575
0.999999995
1.9999606016229118e-05
0.8074898809248078
0.5589067825848704
0.6035354979198232
0.8284271198933765
0.4160811941455447
0.5824533044446762
0.7313028056126749
0.5869247991290034
0.8080655225712947
0.4604401019025783
0.3576000407637578
0.030515260213595557
0.4712205768934268
0.013063593532674046
0.2154714065359234
0.845494994958404
0.4588478487962218
0.999999995
0.49842202917386985
0.5319969602253466
0.7468258587995343
0.9075467260018144
0.798464112225422
0.8980691044336822
0.5542590710855503
0.802711705593445
0.6347094200648082
0.12528720873835925
0.558727379619267
0.31778481648614193
0.8022239797203791
0.555818667874441
0.11514578499268976
0.7741846825174674
0.7603412364510982
0.6971432833566461
0.8136045661685384
0.4675460047837538
0.6001370111420133
0.6779364639843846
0.7056773194666309
0.5176161098246349
0.5161545097048665
0.5331075522947987
0.3824937169749301
0.6253649311667935
0.5670603412082424
0.3649024629616769
0.47737709031882153
0.7325712367440232
0.7005377622836613
0.782800315613282
0.5855732890730033
0.4967215390425161
0.6051440064207056
0.22978073977743443
0.6592298664134104
0.5076293448197456
0.3257416809420483
0.626367005476413
0.29184671833975867
0.903777765440333
0.8942569727229028
0.6668965355556401
0.4800731247210762
0.2470559641951586
0.3060298920941662
0.6944061022921958
0.7653281948267969
0.55949934184725
0.5566162236809202
0.484752861485316
0.23823091590718354
0.3214300970268928
0.14105577842273165
0.43221649974304766
0.8197246124678474
0.4088501254054526
0.7997233810146076
0.44621940381089625
0.7316933254834651
0.7183371695872226
0.5978835808583645
0.4070128299512296
0.6489004498482513
0.7817278458659027
0.6816899293429208
0.5805739178701792
0.5075158463372083
0.6684020209444739
0.4895623379949478
0.6130775814961453
0.6924346216135412
0.9286728401260891
0.6228062051911837
0.22344605521172478
0.751293975009667
0.46305025234963837
0.40038389982505695
0.36261493724825705
0.408501337536403
0.4589214243432338
0.728488977983474
0.5322111453586926
0.46178892815137856
0.568697529903544
0.4562733421452105
0.5577405662676785
0.704617489986
0.06302531908705242
0.1819457015875173
0.5741448076190742
0.7356815575790814
0.4194744592946796
0.48744626935561974
0.3601510029602882
0.6880107156413335
0.6767242219087828
0.675692296229359
0.721767337652878
0.7519886361894981
0.8147099273442492
0.5108588604766947
0.580202164006896
0.4066928901361404
1.8586331918472248e-05
1.9860849519990818e-05
1.8447227990364592e-05
1.8677948841148424e-05
0.7351170868742358
1.869908581694729e-05
1.8594624643879927e-05
1.8447227990364592e-05
1.8447227990364592e-05
1.8447227990364592e-05
0.05401844495767128
1.8447227990364592e-05
1.8783873519983546e-05
1.8586331918472248e-05
0.0007368179634803058
0.0033201870067404667
0.004365571509161329
1.835064636250801e-05
0.30244262474795264
0.45230892923239496
1.8620547242850534e-05
1.8710100630911626e-05
1.8586331918472248e-05
1.8484535564084706e-05
1.8620547242850534e-05
1.8710100630911626e-05
0.37120675195114594
0.3307016724782112
1.8620547242850534e-05
1.985148655921316e-05
0.0032230587252724116
0.03181521790422986
0.023384021547654538
1.8586331918472248e-05
1.8447227990364592e-05
1.869908581694729e-05
0.05802501750014754
1.869049350567541e-05
1.998734625118505e-05
1.9987761442184645e-05
0.010084328549939113
1.9999129509207465e-05
1.8677948841148424e-05
0.0620892011165951
0.15649013251976593
1.9776524175520692e-05
1.9838380198505666e-05
1.8484535564084706e-05
1.8716863605825905e-05
1.8642535257563274e-05
1.9852521137590708e-05
1.9852521137590708e-05
0.02111837958824953
0.00038104946306601886
1.8642535257563243e-05
0.02018947804849517
0.3528579918532734
0.06628865885830178
0.015603268851893936
1.9852521137590708e-05
0.0106014398468308
0.1949167389102397
0.004208339261219859
0.1782479502981374
0.0579903519938337
0.000603413675193759
0.0010367288052883575
1.869908581694729e-05
0.0027591900958177473
0.18986883649362069
1.8180165439505525e-05
1.9831965022638247e-05
1.999841444557592e-05
1.980344055718495e-05
