0.8166635734086481
0.00035554161468747943
0.7700232239980984
0.6586513747399629
0.9325251586636575
0.8515094534264094
0.9720834251511388
0.7179892674480339
0.999999995
0.8464012533120958
0.5817341619784898
0.20540089431868594
0.09211728350858851
0.7465302605109245
0.7465847201442228
0.826701641325482
0.3151555998741137
0.8284271198933765
0.7027620570781591
0.7687154935719263
0.7262568005412857
0.6121503205736148
0.8134871070124753
0.8302599705117586
0.8074898809248078
0.7959514134519292
0.8644861663004133
0.8284271198933765
0.4160811941455447
0.5824533044446762
0.6240822920585107
0.7634095579433889
0.8506708288902932
0.643021020135523
0.7090597798633725
0.15266324203162374
0.8132027182431806
0.013063593532674046
0.9185522165422213
0.845494994958404
0.46638756894638617
0.999999995
0.6158815518524093
0.15562809798912455
0.8285438792899125
0.9160360458043002
0.798464112225422
0.8980691044336822
0.7194602893259034
0.9022877356311559
0.7012002575468972
0.5079881072931784
0.8792627455689614
0.7001914735710305
0.8971533154001555
0.5909368385935495
0.05778651761160094
0.8553885350596248
0.8832253384805869
0.061322042983684516
0.8195281267658844
0.5728991985869196
0.6001370111420133
0.5585723173113317
0.8880026722489662
0.5245937099644333
0.6963881166772935
0.646587852041317
0.6982731780299224
0.8005264620664883
0.7440536027766084
0.6812507906365469
0.6473506846531923
0.1572654155111061
0.5652702967695018
0.6415012643533708
0.7524725454823822
0.5789901564307421
0.8160503477741551
0.5975174786732013
0.6302657657894366
0.8164672543576205
0.05939999611459042
0.626367005476413
0.5284034295716525
0.8500860770536154
0.842088194719495
0.7609476052897322
0.6930248702106702
0.5544572271773015
0.9160767095845197
0.762604387680423
0.7415086141215902
0.5777316998113294
0.6481034340553518
0.49174787021457905
0.6435147693779968
0.7679378730947521
0.4742941397814493
0.6321509893486227
0.5922744472222116
0.6067202521282625
0.7578507247661309
0.42903751677789875
0.6829342423170005
0.11368190967176264
0.5149383321781361
0.6058714476755864
0.6345922063044046
0.7156200919403836
0.6960705851680482
0.6110398992480492
0.4441835787301968
0.6828059036413235
0.5708489262559722
0.6401130121071774
0.49201001004977374
0.7820508786742678
0.6608413165304812
0.4529804758846835
0.7095458978459138
0.546172955669289
0.42147299235537417
0.5961270400454264
0.5532758793360486
0.48412311068481473
0.6851983157697673
0.6617406018079867
0.4151482813383763
0.5608596347961258
0.4682441727029241
0.6162375513552619
0.5742658203033212
0.47800350064295866
0.5287030200961873
0.5885977711591188
0.7522316791899646
0.4102978568018521
0.5865184629428697
0.6061944586616808
0.6504778220671011
0.5759493381529408
0.6759346603171256
0.5606625274446282
0.70270623151424
0.8658266652789133
0.5914022775651034
0.67249824594228
0.9519695181076312
0.0447916479720732
0.5332338038033667
0.5457447903834796
0.6871134073529866
0.6119048182113164
0.8036954188657173
0.7970662394210297
0.021952539454120592
0.6140227788525493
0.6707324582719929
0.21089346157055147
0.13373278049595969
0.6874524780192729
0.2111149303824879
0.10487022429443615
0.631413700383423
0.18852844529234156
0.7293106359861218
0.6184176900573283
0.06150989096518998
0.46044349558681846
0.17456144772703563
0.44356234744947654
0.44261006925730834
0.515709706090299
0.17417649151481163
0.646823929000047
0.708981903121481
0.6511385808738225
0.2026952502149391
0.7312262174551105
0.8121703507848024
0.2990085215717129
0.06352031308689143
0.06460410660324617
0.1685655084851152
0.546184842320964
0.005052556006486987
0.40220432489454255
0.40461549580335765
0.020613283169967307
0.7418463994023643
0.5073529522938923
0.5136627067830041
0.34689236134722407
0.49367439317698647
0.7237713216695728
0.5303247789126923
0.1853681181561793
0.35596259765033017
0.12687252938996982
0.6121690330457631
0.09888303703783088
0.36697455879361973
0.4174522126824713
0.47083787974143726
0.540813457796087
0.5457216647860617
0.5852535726090068
0.5589632089091174
0.35669338897112973
0.5003889710227655
0.39702416748900204
0.06611259586384485
0.3490117752869187
0.5232662863361606
0.02059061051950566
0.1420005491715498
0.5088051672062277
0.46267024382800265
0.6459437012537965
0.3891050319689216
0.0322264106374226
0.11121535275734057
