0.8166635734086481
0.5326854578709534
0.8058893135047343
0.744849929285291
0.6307053680228404
0.5969094588034667
0.635252320446026
0.66627178792073
0.5681540227902394
0.9325251586636575
0.8132841685550612
0.5501547274768162
0.6539865665126674
0.22013902559501555
0.7625068459666494
0.765078315171456
0.18986126855783633
0.999999995
0.999999995
0.06217557584343564
0.7262568005412857
0.6611626467807178
0.8284271198933765
0.1608533767223571
0.8074898809248078
0.48879819954437115
0.9075823271727581
0.01567824542751012
0.4389277222926552
0.5824533044446762
0.9176521991265336
0.922948072743444
0.8080655225712947
0.5914635406065967
0.3055263986077306
0.448782264616004
0.999999995
0.013063593532674046
0.8972141059388746
0.8161856846954987
0.4891874277082739
0.999999995
0.5214929738333695
0.3726927778686027
0.7441927953166034
0.9075922289126737
0.6895300249436613
0.615944992783848
0.5700843389349833
0.6968820806958332
0.6707171732483124
0.3085118821140762
0.024554676759436952
0.5510090220019526
0.8747117269293
0.6426122453772758
0.11514578499268976
0.999999995
0.7284023642683957
0.6971432833566461
0.9233714935040546
0.5425562073441994
0.2747748247662768
0.7223866448108834
0.771541132815904
0.4768095090381207
0.5543031564720919
0.4138942991138041
0.3634826127697975
0.6390975668860199
0.6639196254919699
0.5894042883044321
0.6488054531734828
0.1269791765750118
0.6990972255894207
0.5350651439934191
0.6072061618721185
0.5378763155166135
0.5868577265228717
0.4744372077453342
0.26533104854978806
0.04436465161762637
0.09775845255942188
0.0544501919599876
0.45568754270111195
0.9624666857606525
0.8537042445294196
0.2559949269850976
0.7060980301203567
0.46892483109701755
0.4535768386489916
0.6553847046375194
0.750224643367287
0.2444167067444462
0.6923158436642451
0.5090874457535682
0.37429835702600905
0.39969231061140464
0.588524904935839
0.6065054830854923
0.621533295767533
0.47622057727812406
0.7133650888461033
0.5688439559161402
0.7034858935025252
0.43644850651264566
0.4301949741956238
0.3667512265708569
0.7326312847803075
0.6857394781398597
0.6967528257087755
0.7304987027513318
0.514357893405088
0.7495384180958765
0.4985126575871081
0.40244460061370313
0.7515205613544433
0.9084969963794233
0.2793147832072706
0.35939566813974894
0.7341972903413314
0.4325178539762094
0.32664611550045675
0.16508279411894783
0.4951669829704708
0.21433754860152282
0.6634724096971297
0.7638311213789125
0.3205827398946746
0.568697529903544
0.44891393730737755
0.3586482358123515
0.6760117303512855
0.32353804653832247
0.2184695568020326
0.43093765960204217
0.08851650452983367
0.4183202899474193
0.5054945832267693
0.6739981487066593
0.6262233316389808
0.6467286138521663
0.6085830099171224
0.6578626176995587
0.5039147850861576
0.811170478316048
0.6015700198403606
0.6796115273120091
0.5863432370200179
0.713748148407441
0.7293106359861218
0.7549875200205339
0.4188597094571181
0.7351170868742358
0.6614053043137281
0.04773026286982919
0.011013567323844996
0.7206159175512483
0.6303343185187534
0.15316850427242992
0.8578020680892847
0.4066928901361404
0.8561902904212916
0.31452627746587924
0.05408818269783136
1.869908581694729e-05
0.16835609765239667
0.10401684054715062
0.45230892923239496
0.4976654564955614
0.420621844307934
0.5282238815609512
0.8387412198528489
0.8116692949963795
0.16407483491292615
0.01015929297042201
0.3771273260248799
0.5838200843345797
0.4041943198688618
0.2468388826930045
0.0365588916637508
0.005151534231678424
0.20172562207490458
0.06592520398443474
0.2483358179542566
0.6585178447792227
0.2822599281502911
0.003918511520367618
0.003918511520367618
0.017109666735945217
0.285220357608382
0.5739328662635286
0.23448798928524622
0.43405778726856825
0.003680700664029155
0.3805021313868708
0.004863105170347256
0.37480130631130726
0.3095470797964741
0.4385098591703504
0.6745835426979915
0.040362585809103006
0.06831004884809748
0.3695257632402079
0.6169429623432582
0.42374399607126856
0.05806700866735108
0.6189847865097698
0.6209826079150449
0.040194294899675125
0.30592829710984215
0.15563017205504742
0.06184739939174328
0.033067046261394804
0.0007226529179713924
0.05867741207191197
0.571836530028297
0.19433710445968463
0.16116911645413473
0.1903967793536106
0.5939444510595725
0.4528676212181147
0.32113979180736113
