0.07010282308958654
0.999999995
0.17681140488570654
0.0
0.03555574319868225
0.03369553347902206
0.891578571908234
0.5899542769485275
0.6781553185652704
0.475918483094686
0.5471160575284056
0.22344347928254277
0.6007729464741367
0.5401900978153217
0.617790753255643
0.826701641325482
0.0
0.4999999950000001
0.5718888269249033
0.0
0.585710714263397
0.7405265762081713
0.062425811026498794
0.475918483094686
0.18684664317443492
0.8673070422823228
0.6810028616170093
0.026085408968019606
0.5401900978153217
0.41436378537100976
0.7810189533007761
0.7677266350840926
0.6408136982377477
0.3507688587203259
0.7158881806623829
0.5296341946040356
0.5363470616354971
0.10054874353461306
0.9036806833122552
0.8161856846954987
0.7098633833062998
0.8047445911064254
0.7473662222498842
0.6073024310498799
0.6811756821292939
0.7533261286886399
0.7242064457801254
0.6300531642340964
0.6557823815455425
0.7893019060158655
0.6035583744829702
0.04596674846027941
0.09136411445450526
0.4786659252049701
0.7090481841597375
0.6774647056660024
0.4285952225782712
0.4623811795156012
0.6392280458903912
0.6098197788928368
0.7518981800496899
0.5749864105176526
0.364295286045123
0.5671547675220516
0.5100740206176704
0.49887992314016816
0.5811255598475984
0.5871559584546756
0.542501897241341
0.626040725070842
0.16640067655342114
0.6387880876718708
0.5724485719000839
0.5965410119392209
0.7293008314106488
0.5729608869649873
0.43370258414757257
0.5767248104652947
0.7687565634913543
0.5177339409069736
0.6516158307273918
0.005391712749106689
0.028423830629998002
0.41624719579114405
0.504206140638543
0.7282145450997994
0.8497382843156676
0.5231232540650794
0.6810779835824361
0.4832973728060258
0.8381860623937347
0.6919792130547594
0.5164860119298852
0.6280502873590087
0.6831088476574256
0.4694139328971556
0.7533004396169167
0.5680710519116927
0.44270002872528763
0.6201837403200655
0.697230150165282
0.6436793995278378
0.7656079991530097
0.14484302065170995
0.5482290533529743
0.13319439560536925
0.6690944892180387
0.5818628124923523
0.6994325200731365
0.6665634538500581
0.5300190211900687
0.6034952390172509
0.5684062550762153
0.673559779631917
0.5468062711446964
0.5402218561552251
0.6355530932304108
0.4191159355789989
0.67647645329697
0.5808752704672502
0.49177438086779435
0.46866908932774615
0.39313761605491754
0.5257516937561358
0.5975930455872728
0.35537483070232795
0.4828954420164082
0.4360143032793863
0.5339447662417333
0.5663175440597971
0.6219784431778139
0.6483379149953251
0.5630102257544417
0.5538280221165998
0.484683575681166
0.45634452404878956
0.4450574943733028
0.4914257222403137
0.4944707177869204
0.6365636437981036
0.6405500418815376
0.5929301397463422
0.3152771742595463
0.7131394089094908
0.5245010455782968
0.5661587852826059
0.5961442762026762
0.5934756398408472
0.9519695181076312
0.0
0.0
0.0
0.0
0.10115643877297328
0.8752406334189626
0.161862067219399
0.021919322430531754
0.0
0.0
0.20572981719605454
0.0
0.7356858711671214
0.0
0.11827868696020498
0.6114132449304701
0.5212925250581425
0.7030671537905492
0.5354431407442468
0.06119149309202073
0.0
0.2801093093331848
0.4543313328517118
0.0
0.0
0.0
0.014513937981756542
0.5676537095540798
0.0
0.473792981378953
0.49684450695292276
0.8319624874894372
0.574423303304199
0.0
0.0
0.03815257654840054
0.6511293584729541
0.4097489611910511
0.0007119004249129364
0.2806769882965026
0.08255588121418869
0.4225367977963543
0.0
0.7449064919085813
0.29529145955773206
0.3705364835999303
0.620157315150508
0.562587381875762
0.051442572662102004
0.0
0.0
0.0
0.41483621161620277
0.4106353272397686
0.3424325903592491
0.5581677938983627
0.5692789802034521
0.61343974015729
0.16479006693050116
0.0
0.571720158409796
0.5555336775203051
0.21841821157391608
0.5873828782511192
0.5871084102380508
0.5920534785687593
0.2518217164050715
0.0
0.5057096597946796
0.5117543854694501
0.6567985328747971
0.0
0.08561137651870084
0.043942322048025895
