0.8166635734086481
0.425726328665913
0.1676349209871888
0.46822153532550637
0.6307053680228404
0.4482023720943268
0.7830983433921725
0.5593639308014581
0.999999995
0.515674670882144
0.5471160575284056
0.20540089431868594
0.0908516792812267
0.3211638261092753
0.732342811785543
0.9381343351929792
0.26922714310864193
0.999999995
0.999999995
0.06731901162578419
0.585710714263397
0.6143728571638954
0.999999995
0.475918483094686
0.7330080576731415
0.601632198299741
0.8644861663004133
0.8284271198933765
0.3211638261092753
0.7038872434301325
0.629132246160102
0.770538434535216
0.705665298551343
0.25689817220306926
0.818991962855991
0.6121934555215329
0.4985816542433238
0.013005475530684523
0.8772031071474552
0.6581609839486787
0.7131511213984232
0.7055952835217693
0.4986587125807663
0.6927165402147197
0.7208056730333615
0.8533332371255653
0.6089740784034576
0.7571897868385753
0.5586591426394867
0.5995696326667675
0.6761515931711413
0.17094855189760466
0.7872056010779093
0.5145329646304396
0.6999891629822742
0.6426122453772758
0.4356764863777693
0.5687026461398859
0.5859053540559267
0.7756183599843381
0.6040617558620482
0.5907262059489885
0.3685442296587498
0.6175801625949153
0.5431095104724414
0.4686308112838292
0.4964966422043981
0.6057868069791283
0.45526813938299865
0.4518940880188082
0.6578664586200357
0.6102899095557094
0.6763303951222442
0.2759888433175019
0.4142853723125133
0.485585347989222
0.4560410574739955
0.5050583898593548
0.799951611666113
0.4942730774762956
0.07649726785261209
0.43844253939341266
0.03280374193661548
0.44851878962335745
0.1819921210320136
0.8504451595422201
0.8152337238253697
0.695616213536144
0.5062015134878084
0.497683905744284
0.6466294507366821
0.45919562032103284
0.5717416966507661
0.7068015281360581
0.700417182229292
0.3257410723603664
0.39645260408259436
0.6108342192055489
0.38581273483788564
0.5572839385250042
0.06041143974934441
0.4026149138043002
0.48805140776290834
0.3713671772339794
0.4420062634313589
0.3781437658929976
0.3753694929442423
0.5416436754528926
0.6388195614680721
0.6858255738916075
0.48836758123094104
0.4332016329430519
0.4642323513951494
0.5698450936414238
0.4645600583275797
0.6127062367456154
0.7819821332713408
0.8146923223241165
0.5575448840036529
0.3247360395090423
0.47492540092956975
0.4454618759868583
0.2504653158677348
0.35959584334388006
0.6405164642527523
0.5506353615545442
0.2739631433428384
0.4621877880233228
0.44132520809925685
0.5641072952381023
0.4946107820194149
0.6128771395701603
0.5292285175471517
0.45381630999878164
0.5257315990127241
0.3343259754775415
0.30820910373480626
0.5418913379739656
0.5431140481713934
0.6148643588325555
0.5918420974954208
0.5060643083350782
0.3579167147894882
0.6623141147616161
0.5533756221187055
0.7855316485263432
0.5519995412552748
0.5177962835977022
0.9519695181076312
0.7496466666440952
0.7768921363113147
0.7549875200205339
0.3726038958385353
0.7033696108764179
0.8194508386090932
0.5481964183936568
0.14524574159391743
0.5009881905791661
0.48649235239309213
0.5273594767511176
0.7049997962862743
0.6718318406950764
0.732467955202363
0.5638209398798816
0.6527784226153349
0.20379812389891908
0.6347849434840898
0.5825977084918101
0.45927803428008845
0.10040351357870604
0.3113386567442284
0.11284601686422932
0.5645444662143049
0.5021606363497003
0.1586608557856932
0.01362091900652159
0.49698578256826376
0.05650975685886636
0.4001814710697105
0.5859318071419415
0.5612171974877941
0.33924326458901566
0.06502778094583832
0.06014416193668398
0.172454417824548
0.6798172541602678
0.4027615305188844
0.0784297776597149
0.0784297776597149
0.08540545046713148
0.5307470072543843
0.13066695142141985
0.6373899746113146
0.41395222868967135
0.5110525024937123
0.47261322772137476
0.06787126560738925
0.10965820462501627
0.5501494392656856
0.16777317874447692
0.15628322974739625
0.09012869280868502
0.06139503662493772
0.05860244974689989
0.06019166665988624
0.46104898997850685
0.16477578560926892
0.29679495637168396
0.23085040819368552
0.40986390812684137
0.23653455006327995
0.22414889074231406
0.5166986464765051
0.32375409212638806
0.38531409820597784
0.13315996854571197
0.2513971827058271
0.5123157192186812
0.396900061839444
0.7602695145501626
0.2821216742378165
0.12990953952808348
0.43811052001906625
