0.9352003685847166
0.4528541599442267
0.7180454148987063
0.4079141560604764
0.02783306078023297
0.27735354849233435
0.9720834251511388
0.7753804038699352
0.9352003685847166
0.8284271198933764
0.5941246538495053
0.06370086735735031
0.5986157467336356
0.42892300406359635
0.7306880186673067
0.7105809532712901
0.1550295500718532
0.5797958929961287
0.06249101290915849
0.0508413191111515
1.9999799802003976e-05
0.4999999950000001
0.6920217529694224
0.08031008190265247
0.8148902147675482
0.9605091591095017
0.7657208715743523
0.8284271198933765
0.5227914263494888
0.6224007259000734
0.6872658089623342
0.6550653817956108
0.8214273606570089
0.6700733864265425
0.7285905767219307
0.43864053543280596
0.0054789177196338254
0.013754916708992478
0.8953507182716778
0.8037396969433087
0.7059467881076457
0.999999995
0.5130348945265806
0.7238366310624028
0.8633340330775039
0.8160122835957334
0.6383526845827927
0.8306922146646347
0.6806022739392089
0.9545763495155344
0.7415710696929937
0.7278999509818924
0.7500301846825622
0.650937609637207
0.902861772719493
0.5552445523419184
0.5197114880372978
0.824267289802603
0.8588307217117073
0.8146075398088647
0.5891070212033647
0.6267205270605726
0.5870161634214913
0.6202871423853205
0.763578047754901
0.5008520246099734
0.7351181383309897
0.6870761247309576
0.7284104596207908
0.5675707996205758
0.8361710134501088
0.7208747128345905
0.6593051543657253
0.6317495147665754
0.7023949274623904
0.6446128113365687
0.6866512443060409
0.5386172499392887
0.6947673533371512
0.47044451347664196
0.07149670933361851
0.36391963964912427
0.5396417662936507
0.6133841247282905
0.6158850098592991
0.8982822941625223
0.8780599998335394
0.482001249258614
0.3040857480365776
0.43981329468076075
0.7035793001736548
0.6350872420064023
0.7354687932019752
0.7246259678251759
0.5325764784296598
0.509237607951277
0.8060624737848713
0.7775597970399968
0.7020986459437041
0.7402309959944088
0.6536976342946453
0.5468177870791834
0.8351654412767076
0.6614273216657902
0.6484713958339607
0.5996977336137217
0.6142621923066315
0.435842815314398
0.7119926891644119
0.5200603393148102
0.9255808177568443
0.5842309334464181
0.5870148062042387
0.6753072639163517
0.6797153423069242
0.6987850255842142
0.7852038838941982
0.8404565025880509
0.5311134328205721
0.41074477663640424
0.6025957856525267
0.7587173953998477
0.4763894265573515
0.6832271382114664
0.6560319281565948
0.6092896555195624
0.6952207541406988
0.541858250711184
0.4236843961276956
0.5361543448778109
0.5040493724101298
0.7387627155917222
0.5535026783415467
0.6963003415839282
0.6834394580326185
0.3400159254225236
0.46440506864395587
0.504308792615356
0.5155305795032646
0.7639765323984337
0.6984184322343623
0.6277275996865178
0.5674153726855867
0.6934949240962083
0.5409883212578684
0.7557179957408454
0.6287966581816041
0.6384355253077236
0.8981674674254889
0.823478956533001
0.999999995
0.9043860778355084
0.8780069791561828
0.4673675070969713
0.9043860778355084
0.15759202575544515
0.1439208208879483
0.6491651203598994
0.701458991719992
0.602825918055361
0.710611687417542
0.1545472008785267
0.11858189533472242
0.6273543662050044
0.575215139394586
0.6488903749243256
0.9017607021862201
0.589733515989398
0.06208000319876558
0.10398422971795865
0.8736638362778943
0.1328334079347368
0.9005166888148995
0.1208366204497698
0.039237263143915485
0.4873350459526046
0.7063218991692514
0.06294562941397978
0.17606371939046175
0.6674917718060649
0.7595122560042171
0.6961581053764959
0.0737784265672589
0.0738345711685344
0.16432537446981021
0.8895691425326655
0.05099644271086433
0.53006349511226
0.53006349511226
0.024714997126389443
0.1301200867958058
0.06643101049248885
0.9369306456781498
0.08220107671149761
0.09031382817191194
0.5927475718667401
0.6705193256891122
0.059570261282309786
0.8808552633621954
0.18728016960671176
0.7600325888683261
0.5349598863337844
0.0643978189660356
0.030356873883053616
0.5356160607213338
0.5425967821731705
0.7464962383272301
0.5875298468874675
0.7895777147596333
0.49597312007207356
0.47955554082522805
0.22745932237289235
0.6843516993192733
0.4269228454019932
0.6655139309524041
0.32453756157890656
0.12068006630697617
0.671841572116747
0.07803287199130542
0.8549167083468383
0.13062579759217863
0.2523538369924886
0.15122496184631626
