0.07010282308958654
0.00035550150140655076
0.8612021481450826
0.570093903899504
0.9325251586636575
0.9185381794528686
0.879809198839262
0.765078315171456
0.999999995
0.48777664135605275
0.6146999288802188
0.28243256810628625
0.09170857903060686
0.4389277222926552
0.9018957339993284
0.689705316767721
0.5037944259780495
0.999999995
0.999999995
0.025265440537811004
0.7318334801985548
0.49717983642261715
0.2295477919482988
0.6267843272862731
0.7090919684048519
0.8739460819010081
0.8395231067787086
0.5981566287586249
0.6119895808807563
0.5790113243706663
0.6018574375465113
0.6637150466210154
0.7784003355698083
0.44481628977073645
0.8727344841357593
0.5900840303147444
0.056686714652133395
0.013715236520226264
0.8206448439373302
0.6652706378378677
0.5722528465915314
0.766837675952495
0.5725165126621281
0.15562809798912455
0.17925722006362171
0.8328874020380516
0.6485860072560522
0.5556380123399111
0.5109144267759794
0.7798427009829627
0.6091330343197662
0.7319326915134234
0.7704983717824064
0.4746889720681795
0.703788880575988
0.7273993970145431
0.508589150900063
0.8293732424958764
0.5878247195718825
0.273227107107438
0.6643929009439442
0.6433878193616897
0.5969218303546479
0.5789901564307423
0.47142176144477
0.5763764153884368
0.5333932808249019
0.6387584948880177
0.6572845888390793
0.612508533064854
0.734217107372535
0.5706446112133716
0.6456386176054385
0.5758116844577325
0.638920134336919
0.5085679549753439
0.6168516476194971
0.5072627119842451
0.649947925035793
0.5764703185540612
0.7114934768218181
0.41695560717114677
0.4461327435023775
0.056313144741230024
0.49531837341110024
0.7049466808253999
0.6391085839141367
0.46643865300817855
0.36924359622015296
0.4334589319510559
0.5682331634671375
0.5667544263695002
0.7934404333579357
0.6467579162605063
0.5580398930869064
0.6018664068287579
0.3342892002249851
0.18165969970296775
0.5417838853097183
0.5774781076724128
0.5626114868190498
0.6830333461987295
0.6416548317784103
0.5648152263901504
0.5372405084403682
0.058229406654923405
0.6602643078681154
0.2530719482093228
0.6717077052990609
0.592653880348097
0.5814152179469491
0.5395642347599833
0.4737474216409569
0.7214387641686538
0.4741203169337822
0.5574864865367478
0.3534875555616172
0.7082552807548509
0.5095995163355681
0.4880830414263582
0.6085212177578571
0.5617721029542284
0.5457976721112388
0.5615151561944033
0.5960393753481522
0.47117046885451663
0.717276793395497
0.7192982085787583
0.611304219392031
0.5302598121086002
0.5294688660440887
0.5399391066421078
0.49291735827683275
0.6262182757713758
0.6018266403336736
0.29280343184202623
0.5562699181776211
0.3869943788465226
0.5667093106240498
0.6806821025771422
0.41937771428624504
0.6358225118120723
0.571438701442274
0.5157667504093547
0.4080696669002061
0.3399732984074244
0.629527406894396
0.5690912946880682
0.5791180397629008
0.999999995
0.7768921363113147
0.7549875200205339
0.6307147146914243
0.7091429945884138
0.8036954188657173
0.7970662394210297
0.7084810875195077
0.6686940927234555
0.6873051013225335
0.602825918055361
0.8578020680892847
0.9519695181076312
0.5354315783817215
0.5341638180491023
0.40922992564681443
0.7071313776150391
0.586055711795804
0.18092388195443943
0.6347521193309192
0.5281007168126398
0.6420513856052863
0.11103379147204068
0.8387412198528489
0.8116692949963795
0.030452974780783213
0.1209593882361634
0.6513439516535979
0.21310635822145502
0.6541385031196032
0.7017669038596618
0.6930288192350416
0.5873202810962954
0.19222918243792056
0.056675000476192526
0.5020341970526183
0.6772000007032575
0.005049049832913495
0.40643678834988933
0.6773636066684928
0.02372920306320633
0.7526187598960604
0.1890219217587816
0.6812381138114302
0.4935292477504012
0.5419550034983842
0.6174158889167078
0.45740975807744066
0.3138674610367206
0.32958707035616913
0.19988661111231976
0.6080663023719168
0.09039108682819891
0.05723520353371686
0.3892099061049085
0.47213870964343047
0.6319671193361789
0.520698542922283
0.35350374224693054
0.5882742066020983
0.523932708929682
0.4435823150834068
0.4858234893525584
0.5332422687307898
0.5522460615682462
0.518387163044818
0.4267135758696089
0.4328725242405926
0.5718658004930515
0.5322378750391503
0.6131481451521775
0.25914248491482894
0.0725983037424184
0.14174875782035276
