0.6553731709437376
0.06801604639249607
0.7571088172309662
0.0
0.032100181763814774
0.0
0.7945415115414428
0.5193413481312208
0.7411115472152504
0.27560700560146995
0.6573037400407118
0.6642350158381809
0.08174176741995559
0.2873934431015941
0.5503807577406683
0.6738937132180626
0.0
0.4794625829903243
0.0055235301332621275
0.0
0.5150461339984211
0.0
0.8134871070124753
0.3481353777459193
0.6187736771742552
0.7003599709007235
0.8106457379957636
0.38784586648119435
0.2873934431015941
0.0
0.0
0.0
0.0
0.0
0.5986716673998632
0.0
0.34088224068979517
0.012958876030512018
0.7971365449602619
0.5621623449746318
0.7689536328718958
0.8194643860971964
0.48583070974451703
0.0
0.0
0.6800612587794687
0.6647522144307051
0.6790444796654173
0.0
0.0
0.0
0.5016766299943445
0.0
0.5144170467384075
0.0
0.0
0.0
0.5687026461398859
0.0
0.8680301146130377
0.0
0.0
0.0
0.0
0.48037360578518423
0.0
0.0
0.0
0.44601346318313395
0.0
0.656527813682429
0.639219784907063
0.0
0.0
0.5706989896283624
0.0
0.7377016727524901
0.0
0.0
0.0
0.0
0.7303724497869476
0.0
0.0
0.0
0.0
0.0
0.0
0.0
0.0
0.0
0.0
0.0
0.0
0.0
0.0
0.0
0.0
0.0
0.5572839385250042
0.0
0.5715718482974962
0.0
0.0
0.0
0.0
0.0
0.0
0.0
0.0
0.0
0.0
0.0
0.0
0.0
0.0
0.0
0.0
0.0
0.0
0.0
0.0
0.0
0.0
0.0
0.0
0.0
0.0
0.0
0.0
0.0
0.0
0.0
0.0
0.0
0.0
0.0
0.4405866768547335
0.0
0.0
0.0
0.0
0.0
0.0
0.0
0.0
0.0
0.0
0.5883808038555277
0.0
0.0
0.0
0.0
0.0
0.6326614922094042
0.7614930677660248
0.019930578823354098
0.0
0.0
0.6474413463963875
0.0
0.3067078646698464
0.0
0.0
0.0
0.0
0.0
0.0
0.0
0.0
0.0
0.0
0.0
0.0
0.0
0.0
0.0
0.0
0.0
0.0
0.0
0.0
0.0
0.0
0.0
0.0
0.0
0.0
0.0
0.0
0.0
0.0
0.0
0.0
0.0
0.0
0.0
0.0
0.0
0.0
0.0
0.0
0.0
0.0
0.0
0.0
0.0
0.0
0.0
0.0
0.0
0.0
0.0
0.0
0.0
0.0
0.0
0.0
0.0
0.0
0.0
0.0
0.0
