1.0
1.0
1.0
1.0
1.0
1.0
1.0
1.0
1.0
1.0
1.0
1.0
1.0
0.0
1.0
1.0
1.0
1.0
1.0
1.0
1.0
1.0
1.0
1.0
1.0
1.0
1.0
1.0
1.0
1.0
1.0
1.0
1.0
0.5
1.0
1.0
1.0
1.0
0.6666666666666666
1.0
1.0
1.0
1.0
1.0
1.0
1.0
1.0
1.0
1.0
1.0
1.0
1.0
1.0
1.0
1.0
1.0
1.0
1.0
1.0
1.0
1.0
1.0
1.0
1.0
1.0
1.0
1.0
1.0
1.0
1.0
1.0
1.0
0.4
0.8
1.0
1.0
1.0
1.0
1.0
1.0
1.0
1.0
1.0
1.0
0.8571428571428571
1.0
1.0
1.0
1.0
1.0
1.0
1.0
0.8571428571428571
1.0
1.0
1.0
0.75
0.75
1.0
0.8571428571428571
1.0
0.25
1.0
0.8571428571428571
1.0
0.888888888888889
1.0
1.0
1.0
1.0
1.0
1.0
0.8571428571428571
1.0
1.0
0.75
1.0
1.0
1.0
1.0
1.0
1.0
1.0
1.0
0.5
0.6666666666666665
0.8000000000000002
1.0
0.888888888888889
1.0
1.0
0.9090909090909091
1.0
1.0
1.0
1.0
1.0
0.8000000000000002
1.0
1.0
1.0
1.0
1.0
1.0
1.0
1.0
1.0
1.0
1.0
0.0
0.0
0.0
0.0
1.0
0.0
1.0
0.0
0.0
0.0
1.0
1.0
0.0
0.0
1.0
0.0
0.5
0.5
0.05
0.0
0.0
0.0
0.0
0.0
0.0
0.5
0.0
0.0
0.0
0.0
0.4444444444444444
0.8571428571428571
0.0
0.3333333333333333
0.0
0.0
0.0
0.0
0.8571428571428571
0.4
0.16666666666666666
0.6666666666666666
0.28571428571428575
0.0
0.6666666666666666
0.4444444444444445
0.6
0.0
0.25
0.0
0.3333333333333333
0.28571428571428575
0.0
0.4444444444444445
0.14285714285714288
0.4444444444444445
0.36363636363636365
0.0
0.2
0.1818181818181818
0.0
0.35294117647058826
0.0
0.048780487804878044
0.0
0.15384615384615383
0.3333333333333333
0.20000000000000004
0.0
0.5333333333333333
0.0
0.09999999999999999
0.0
0.1818181818181818
