0.9296847581863403
0.9092667698860168
0.8153448700904846
0.8722094297409058
0.9145076870918274
0.7535914778709412
0.8983851075172424
0.8909573554992676
0.8825877904891968
0.9217263460159302
0.9243137240409851
0.773578941822052
0.8356180787086487
0.48649871349334717
0.8525760173797607
0.8659471869468689
0.8397647142410278
0.9125352501869202
0.7751849889755249
0.8231934905052185
0.8840240240097046
0.9184805750846863
0.9259763956069946
0.8356708884239197
0.8063722848892212
0.7989279627799988
0.8351205587387085
0.944761335849762
0.8248338103294373
0.796138346195221
0.7849484086036682
0.8168607950210571
0.8040461540222168
0.7030521035194397
0.7951240539550781
0.7659102082252502
0.8030080795288086
0.6752974390983582
0.5358301401138306
0.8313608765602112
0.6862258315086365
0.892687976360321
0.9097089171409607
0.8817676901817322
0.8163062930107117
0.8518374562263489
0.8441946506500244
0.8381806015968323
0.7818556427955627
0.7415557503700256
0.8641949892044067
0.8363991379737854
0.8140690922737122
0.7859442830085754
0.8048455119132996
0.7916238307952881
0.6839159727096558
0.8309196829795837
0.7601332664489746
0.7628591060638428
0.77016282081604
0.6744250655174255
0.7205745577812195
0.7683297991752625
0.8369963765144348
0.6830866932868958
0.8313227891921997
0.4888678789138794
0.6848521828651428
0.7175731658935547
0.7817022204399109
0.7715896964073181
0.5359028577804565
0.46562981605529785
0.6675437688827515
0.7667999267578125
0.6755885481834412
0.704065203666687
0.8758800029754639
0.728523313999176
0.6908381581306458
0.8012848496437073
0.6606631278991699
0.7141427993774414
0.7535712718963623
0.8543051481246948
0.7570071816444397
0.8872107267379761
0.7205114364624023
0.7828599810600281
0.7187806963920593
0.623663067817688
0.7219805717468262
0.7535918354988098
0.6578270196914673
0.712032675743103
0.6006160974502563
0.5945472717285156
0.5677483677864075
0.7278508543968201
0.8207786083221436
0.5083267688751221
0.7931483387947083
0.6133220791816711
0.7374625205993652
0.7364025712013245
0.7640731930732727
0.7646270990371704
0.7810781002044678
0.7766944766044617
0.7831072211265564
0.774542510509491
0.5925833582878113
0.7205098271369934
0.7311723232269287
0.723019540309906
0.8382513523101807
0.8037484884262085
0.7312469482421875
0.7010345458984375
0.7251076698303223
0.7156287431716919
0.6142823696136475
0.766383945941925
0.6691669821739197
0.6055026650428772
0.7182753682136536
0.6875381469726562
0.6072968244552612
0.7265787124633789
0.780861496925354
0.7004483938217163
0.7760375738143921
0.6238885521888733
0.6441566944122314
0.7803433537483215
0.819388747215271
0.5823380351066589
0.6673386693000793
0.7450924515724182
0.7229275703430176
0.7539161443710327
0.8096439838409424
0.7251595258712769
0.7298717498779297
0.8923190832138062
0.6386681795120239
0.6738463640213013
0.6315160989761353
0.5266156792640686
0.47899341583251953
0.3300868272781372
0.46298325061798096
0.866209089756012
0.3744848370552063
0.8055804371833801
0.5435279607772827
0.7275990843772888
0.5462281107902527
0.7252567410469055
0.3802812099456787
0.4356968402862549
0.4329410195350647
0.526664137840271
0.4953533411026001
0.38535070419311523
0.46965736150741577
0.34620755910873413
0.38270604610443115
0.4581955075263977
0.4170704483985901
0.4573550820350647
0.363594651222229
0.39750000834465027
0.3825368881225586
0.3548310399055481
0.4318591356277466
0.44320160150527954
0.35130029916763306
0.3253055810928345
0.46607697010040283
0.5153684020042419
0.4288064241409302
0.5111099481582642
0.3712458610534668
0.44704681634902954
0.3774488568305969
0.43518149852752686
0.3997794985771179
0.4113069772720337
0.45875459909439087
0.3580032289028168
0.5046190023422241
0.3646405339241028
0.42915230989456177
0.37752822041511536
0.4648652672767639
0.4005778431892395
0.3853878080844879
0.35194671154022217
0.3301231265068054
0.4071572422981262
0.43890875577926636
0.353584885597229
0.3697813153266907
0.3459476828575134
0.47730690240859985
0.3937618136405945
0.3721991181373596
0.35300588607788086
0.40179210901260376
0.43011564016342163
0.30738329887390137
0.39312875270843506
0.41853296756744385
0.3815709948539734
0.4160272479057312
0.34009307622909546
0.4189993143081665
0.4141170382499695
0.46286094188690186
0.40630388259887695
0.34099268913269043
