0.8525736927986145
0.6258412003517151
0.6609651446342468
0.7298456430435181
0.9145076870918274
0.7843502759933472
0.8983851075172424
0.45850569009780884
0.8825877904891968
0.8541509509086609
0.714838445186615
0.7896589636802673
0.8128572106361389
0.8423855900764465
0.5723116397857666
0.7963458895683289
0.715298593044281
0.901738703250885
0.8428767323493958
0.7670778036117554
0.8444740772247314
0.6298404335975647
0.749829888343811
0.7639807462692261
0.8063722848892212
0.7748849987983704
0.8048055171966553
0.9231254458427429
0.8284041285514832
0.8155755400657654
0.7824936509132385
0.7617174983024597
0.8348744511604309
0.622740626335144
0.7560228705406189
0.6953429579734802
0.82188481092453
0.6868839859962463
0.7696103453636169
0.8313608765602112
0.7714931964874268
0.8893522620201111
0.6592169404029846
0.7742001414299011
0.6806164383888245
0.8139634728431702
0.8441946506500244
0.8099520802497864
0.7880702018737793
0.8702667951583862
0.8278612494468689
0.7751398682594299
0.8352622389793396
0.7533604502677917
0.7407738566398621
0.7953510284423828
0.5831235647201538
0.8532167673110962
0.7743687033653259
0.5887150764465332
0.6563727259635925
0.6626781225204468
0.5981096029281616
0.7282106280326843
0.7746844291687012
0.6423846483230591
0.8362732529640198
0.47604501247406006
0.6843534708023071
0.6043446063995361
0.7193854451179504
0.8030003905296326
0.604701817035675
0.5993886590003967
0.677945077419281
0.6763015985488892
0.6420007944107056
0.7171866297721863
0.7904679179191589
0.6432253122329712
0.583098828792572
0.808691680431366
0.6199576258659363
0.7198280692100525
0.675895631313324
0.7777940630912781
0.7903692722320557
0.7776801586151123
0.8463306427001953
0.7729284167289734
0.6759151816368103
0.5315433144569397
0.6750499606132507
0.6482128500938416
0.5849719047546387
0.5577570796012878
0.5811038613319397
0.7056558728218079
0.6273689270019531
0.6636953949928284
0.7197898030281067
0.5469474196434021
0.628713846206665
0.7297298908233643
0.7652595043182373
0.6463177800178528
0.6890164017677307
0.720054566860199
0.6818135380744934
0.785780131816864
0.7822933197021484
0.7588585019111633
0.6223358511924744
0.7090498805046082
0.6330264210700989
0.5205739140510559
0.7851495742797852
0.6581354141235352
0.6905457377433777
0.6379104852676392
0.7415168285369873
0.6779947280883789
0.5846250653266907
0.7145626544952393
0.6304082870483398
0.6602558493614197
0.5936662554740906
0.6085383892059326
0.4177614450454712
0.6862760186195374
0.679731011390686
0.6024514436721802
0.6950849890708923
0.5594809055328369
0.540821373462677
0.6933618187904358
0.78570157289505
0.5418548583984375
0.5926066637039185
0.7678811550140381
0.6708523035049438
0.6792402863502502
0.4616750478744507
0.7507914304733276
0.7537380456924438
0.817825973033905
0.4602784514427185
0.6324315071105957
0.8566591739654541
0.538801908493042
0.38153529167175293
0.5814267992973328
0.5902843475341797
0.7268832325935364
0.8614615201950073
0.8521870970726013
0.594608724117279
0.7090573906898499
0.836595356464386
0.6493567824363708
0.5553157329559326
0.7472463250160217
0.4083872437477112
0.5966086387634277
0.8087229132652283
0.4665101170539856
0.8075101971626282
0.8216034173965454
0.6960595846176147
0.5937133431434631
0.567842423915863
0.5934057235717773
0.41275447607040405
0.4169057607650757
0.6019927263259888
0.7426369786262512
0.711524486541748
0.5054816007614136
0.5098015666007996
0.6698735356330872
0.7785422801971436
0.5940201282501221
0.4788120985031128
0.5470263957977295
0.5092653632164001
0.5132856369018555
0.6203644275665283
0.5708500146865845
0.5621104836463928
0.6871104836463928
0.6760948300361633
0.5430145859718323
0.6634681820869446
0.49471092224121094
0.6132718920707703
0.619636595249176
0.562802791595459
0.4786248803138733
0.4412386417388916
0.5185323357582092
0.44623661041259766
0.6400339007377625
0.6019139885902405
0.6056169867515564
0.5804972052574158
0.5898145437240601
0.5507294535636902
0.5955453515052795
0.3592129349708557
0.4174889326095581
0.6152704954147339
0.4156875014305115
0.3858736753463745
0.5432046055793762
0.45635855197906494
0.4949520230293274
0.418542742729187
0.5744404196739197
0.561127781867981
0.4545106291770935
0.5377662181854248
0.48156440258026123
0.4786502718925476
