0.8525736927986145
0.7005948424339294
0.6848405003547668
0.7179370522499084
0.827364981174469
0.629908561706543
0.6329315304756165
0.44089561700820923
0.35904794931411743
0.9217263460159302
0.7133311033248901
0.8067898750305176
0.8059148788452148
0.4875936508178711
0.8126741051673889
0.7438434362411499
0.7303870320320129
0.9125352501869202
0.9190511703491211
0.6576454043388367
0.8444740772247314
0.8315711617469788
0.9011543989181519
0.35888540744781494
0.8063722848892212
0.3931072950363159
0.8460977673530579
0.3668437600135803
0.7681441903114319
0.8155755400657654
0.8297296762466431
0.8012910485267639
0.820899486541748
0.6407512426376343
0.37897735834121704
0.5404369831085205
0.9103882312774658
0.6752974390983582
0.7797512412071228
0.8312445282936096
0.7830839157104492
0.8893522620201111
0.695446789264679
0.7716786861419678
0.7001015543937683
0.8352526426315308
0.8277294039726257
0.7950080037117004
0.7036353349685669
0.8453115820884705
0.806985080242157
0.4579770565032959
0.37424975633621216
0.7760573625564575
0.7666313648223877
0.8161398768424988
0.2795921266078949
0.9075154066085815
0.7344812750816345
0.7874557375907898
0.770745575428009
0.4710111618041992
0.5987938642501831
0.7830784916877747
0.8544196486473083
0.686825156211853
0.6860062479972839
0.3732753396034241
0.5320457816123962
0.6865121722221375
0.7314617037773132
0.7194802761077881
0.4649505615234375
0.502810001373291
0.5516232848167419
0.5159929394721985
0.3309178948402405
0.6422243714332581
0.6206812858581543
0.4895608425140381
0.4409028887748718
0.5545064210891724
0.3829060196876526
0.6974765062332153
0.6027275919914246
0.8418136239051819
0.7797811031341553
0.4248157739639282
0.8153628706932068
0.5025830268859863
0.5650884509086609
0.6076611280441284
0.7111956477165222
0.44405442476272583
0.6830471158027649
0.6352878212928772
0.40822064876556396
0.569697380065918
0.6225428581237793
0.5945720672607422
0.5811867713928223
0.46136486530303955
0.5585711002349854
0.7477453947067261
0.7406620383262634
0.6482118964195251
0.5883684754371643
0.6105511784553528
0.7534106373786926
0.7584153413772583
0.7274551391601562
0.8011592030525208
0.6664041876792908
0.7732375264167786
0.7311723232269287
0.5986120104789734
0.8316816687583923
0.7981465458869934
0.2927870750427246
0.553566575050354
0.6662335395812988
0.4443897604942322
0.5268248915672302
0.3410905599594116
0.38932716846466064
0.3964170813560486
0.7066950798034668
0.7468047738075256
0.38098210096359253
0.7055688500404358
0.7352991104125977
0.5465970039367676
0.7291600108146667
0.5246150493621826
0.4711958169937134
0.6652694940567017
0.7221103310585022
0.516464114189148
0.5923036336898804
0.7697708606719971
0.6324253082275391
0.7484624981880188
0.624398946762085
0.8005170226097107
0.6253418326377869
0.7735211849212646
0.5593184232711792
0.6417132616043091
0.4844661355018616
0.799673318862915
0.7254437804222107
0.681702196598053
0.35492074489593506
0.7302393913269043
0.5119931697845459
0.5076901912689209
0.47181153297424316
0.7491757869720459
0.7096031904220581
0.4124113917350769
0.8460144996643066
0.5280818343162537
0.8554568886756897
0.259654700756073
0.42511481046676636
0.1457020342350006
0.46439027786254883
0.266200989484787
0.4141470789909363
0.6726730465888977
0.49588966369628906
0.7238745093345642
0.7547569274902344
0.7689539194107056
0.6803494095802307
0.42820465564727783
0.446091890335083
0.7074632048606873
0.5039200186729431
0.318381130695343
0.3104541301727295
0.29208290576934814
0.6996915936470032
0.7229459881782532
0.67454594373703
0.5145087838172913
0.7363000512123108
0.29195302724838257
0.31828731298446655
0.413859486579895
0.26180708408355713
0.6428416967391968
0.30532631278038025
0.44513994455337524
0.35366693139076233
0.25280648469924927
0.3087939918041229
0.7252461910247803
0.5933442711830139
0.5934230089187622
0.5536711812019348
0.4408075213432312
0.45213067531585693
0.5733177661895752
0.5164090394973755
0.36322999000549316
0.2888990044593811
0.6233434677124023
0.4988832473754883
0.3235761523246765
0.43616151809692383
0.32908791303634644
0.28109899163246155
0.3326300382614136
0.1889309287071228
0.35662126541137695
0.6200994849205017
0.26758918166160583
0.32835090160369873
0.24761810898780823
0.5594482421875
0.6837053894996643
0.6148219108581543
