0.8525736927986145
0.8066472411155701
0.4385905861854553
0.7338375449180603
0.827364981174469
0.7579274773597717
0.8316272497177124
0.7037732005119324
0.8825877904891968
0.6933685541152954
0.7272473573684692
0.7896589636802673
0.7547328472137451
0.7349757552146912
0.8243377804756165
0.8429650664329529
0.6872639060020447
0.9125352501869202
0.9190511703491211
0.44352829456329346
0.8776675462722778
0.8512877821922302
0.9259763956069946
0.8360006213188171
0.786917507648468
0.7787531018257141
0.8048055171966553
0.9231254458427429
0.7351619005203247
0.6116752624511719
0.596534013748169
0.6893097162246704
0.4339255690574646
0.4960111379623413
0.7166538834571838
0.725202202796936
0.7191172242164612
0.6931711435317993
0.8286495208740234
0.7593657374382019
0.7883355021476746
0.785176694393158
0.6187488436698914
0.6292473673820496
0.6565847396850586
0.8518374562263489
0.8157463073730469
0.802723228931427
0.7090808153152466
0.6933519840240479
0.8293482661247253
0.761103093624115
0.7516941428184509
0.5926579833030701
0.618950366973877
0.8161398768424988
0.496606707572937
0.7378146648406982
0.5718404650688171
0.7933347821235657
0.6015493869781494
0.6113107800483704
0.6818177700042725
0.6937107443809509
0.7522678971290588
0.7291767001152039
0.7032394409179688
0.5564923882484436
0.613438606262207
0.6012085676193237
0.7126545310020447
0.7202507853507996
0.4184741973876953
0.6515801548957825
0.6701694130897522
0.5771171450614929
0.5409495234489441
0.6167380809783936
0.6825635433197021
0.6127966046333313
0.569577157497406
0.6906813383102417
0.5948241353034973
0.6642992496490479
0.6735666394233704
0.5846142172813416
0.6759853363037109
0.797238290309906
0.7341820597648621
0.7565841674804688
0.7222294211387634
0.6265096068382263
0.4155091643333435
0.5192506909370422
0.5934784412384033
0.5360024571418762
0.44254279136657715
0.5997381210327148
0.46654772758483887
0.6722410321235657
0.44588661193847656
0.43445348739624023
0.49167054891586304
0.5533162951469421
0.7141682505607605
0.6815192103385925
0.5093769431114197
0.7177137732505798
0.6136767864227295
0.6839920282363892
0.60890793800354
0.45097851753234863
0.5313563942909241
0.46469825506210327
0.5976814031600952
0.6244820952415466
0.7144379615783691
0.45800185203552246
0.619174599647522
0.5681151151657104
0.706184446811676
0.558157742023468
0.39173877239227295
0.5442321300506592
0.5738500952720642
0.5072338581085205
0.478738009929657
0.5351301431655884
0.4352213740348816
0.6527288556098938
0.6290537714958191
0.4845210909843445
0.5937975645065308
0.4937557578086853
0.5562619566917419
0.4828483462333679
0.6337977051734924
0.5931567549705505
0.5967362523078918
0.42483699321746826
0.5058769583702087
0.526157796382904
0.4714295268058777
0.7559060454368591
0.6603051424026489
0.6142606735229492
0.5200859308242798
0.48669350147247314
0.8566591739654541
0.6751284003257751
0.5572747588157654
0.5599087476730347
0.3995704650878906
0.8129256367683411
0.8161206841468811
0.8695641160011292
0.7126878499984741
0.5805985331535339
0.5432518124580383
0.7812292575836182
0.5273545384407043
0.8166132569313049
0.5030593872070312
0.563854455947876
0.82359379529953
0.6204437017440796
0.695803701877594
0.7003354430198669
0.6925799250602722
0.6096978783607483
0.5780268907546997
0.5466542840003967
0.47226715087890625
0.45661652088165283
0.4581587314605713
0.6227836012840271
0.5843023061752319
0.45893698930740356
0.5037428736686707
0.4190184473991394
0.5218682289123535
0.5247644782066345
0.4300639033317566
0.5089703798294067
0.47441941499710083
0.48138755559921265
0.6224828362464905
0.4867517352104187
0.4716811776161194
0.674487292766571
0.5198175311088562
0.4302711486816406
0.5666652917861938
0.5030032396316528
0.5718503594398499
0.43292272090911865
0.5213389992713928
0.4412998557090759
0.37706881761550903
0.4884635806083679
0.3724772036075592
0.5438565015792847
0.4049729108810425
0.5028433799743652
0.40710508823394775
0.4386293888092041
0.4208366870880127
0.48449307680130005
0.38816970586776733
0.4993284344673157
0.48718082904815674
0.46265846490859985
0.3485691547393799
0.5157110691070557
0.3885499835014343
0.4064635634422302
0.4048534035682678
0.5345437526702881
0.4645582437515259
0.4085593819618225
0.4662255644798279
0.49176329374313354
0.46826398372650146
