0.9996362924575806
0.9996706247329712
0.5282347798347473
0.9987741112709045
0.9996520280838013
0.9994865655899048
0.9996910095214844
0.9997037053108215
0.9996102452278137
0.9995419979095459
0.999640941619873
0.9996041655540466
0.9996488094329834
0.3614712655544281
0.9996115565299988
0.9996486902236938
0.998362123966217
0.9995799660682678
0.9996333122253418
0.9997027516365051
0.9996770620346069
0.999677300453186
0.999637246131897
0.9996844530105591
0.9995167255401611
0.9987069368362427
0.999612033367157
0.9995892643928528
0.9997052550315857
0.9992932081222534
0.9972230195999146
0.9750388264656067
0.9970297813415527
0.4652748703956604
0.9929647445678711
0.9975250363349915
0.6895723938941956
0.9889151453971863
0.47235971689224243
0.9989244341850281
0.9990390539169312
0.9470797181129456
0.9885773658752441
0.9967930912971497
0.9958398342132568
0.9990365505218506
0.9992727637290955
0.9996032118797302
0.9660294055938721
0.9995996356010437
0.9993315935134888
0.998999297618866
0.9499773979187012
0.9722822308540344
0.9204495549201965
0.9986664056777954
0.9995918869972229
0.9993239641189575
0.7776721119880676
0.9861844182014465
0.9980200529098511
0.8328242301940918
0.9972779154777527
0.875944972038269
0.9990208148956299
0.9989594221115112
0.9986383318901062
0.6399556398391724
0.9930922985076904
0.9446119070053101
0.9500858187675476
0.9985806941986084
0.3877623379230499
0.4645206332206726
0.9933086633682251
0.9979693293571472
0.9983072280883789
0.9980502128601074
0.9802066087722778
0.9720672369003296
0.9975787997245789
0.9972259402275085
0.8971924781799316
0.9967238306999207
0.997562050819397
0.998289167881012
0.9330922961235046
0.9971365928649902
0.9818741083145142
0.991630494594574
0.9719370603561401
0.7358003854751587
0.8138630986213684
0.9827193021774292
0.6190617084503174
0.9941518902778625
0.4927959442138672
0.39225244522094727
0.6686801314353943
0.5553451776504517
0.9910730719566345
0.3363517224788666
0.8871467709541321
0.5517956614494324
0.9771206378936768
0.9961432814598083
0.9703500270843506
0.983836829662323
0.986664891242981
0.8762049078941345
0.8495065569877625
0.9970908164978027
0.5757097601890564
0.9977858066558838
0.8027966022491455
0.9166695475578308
0.9931231141090393
0.7670657634735107
0.5986406803131104
0.9161543846130371
0.9601528644561768
0.9549508094787598
0.7749846577644348
0.7595415711402893
0.3978143632411957
0.47463318705558777
0.5854442119598389
0.6270932555198669
0.631122350692749
0.9686616659164429
0.6838675737380981
0.8792319893836975
0.9561300277709961
0.9069195985794067
0.8208473324775696
0.9946289658546448
0.9406154751777649
0.6879074573516846
0.8931776881217957
0.9840227365493774
0.9940614104270935
0.998102605342865
0.9932792782783508
0.9965946078300476
0.8766727447509766
0.8267897367477417
0.9649426341056824
0.6480914354324341
0.9930797219276428
0.44309237599372864
0.9729560613632202
3.327601734781638e-05
0.3519620895385742
0.9987736344337463
1.7594149539945647e-05
0.6458390951156616
0.4103509485721588
0.476197749376297
0.1487809419631958
0.9996308088302612
0.9023998379707336
0.2676757872104645
0.3835136592388153
0.595157265663147
0.2686292231082916
0.5394646525382996
0.22796185314655304
0.27119946479797363
4.13912766816793e-06
0.2867143154144287
0.30487141013145447
0.15964148938655853
0.1629868596792221
0.19387312233448029
0.3915089964866638
0.21558590233325958
0.3102232813835144
0.46368494629859924
0.3228406608104706
0.19454829394817352
0.29089221358299255
0.2452116459608078
0.2458864152431488
0.3663630187511444
0.1266203075647354
0.14169946312904358
0.5412843227386475
0.558497965335846
0.4828118681907654
0.24413296580314636
0.40851399302482605
0.2840944826602936
0.2457410842180252
0.19870910048484802
0.19043588638305664
0.20410798490047455
0.15008427202701569
0.17814937233924866
0.00019743919256143272
0.20266234874725342
0.00035994022618979216
0.16506735980510712
0.2912095785140991
0.2639864683151245
0.13953368365764618
0.13357388973236084
0.1962469518184662
0.2273988425731659
0.11863303184509277
0.1128280907869339
0.16766397655010223
0.23360565304756165
0.11811421066522598
0.22104141116142273
0.15680865943431854
0.13917310535907745
0.11490538716316223
0.204186350107193
0.2125217765569687
0.12196366488933563
0.1535617709159851
0.08739637583494186
0.06186138838529587
