0.999679684638977
0.4128771722316742
0.28258439898490906
0.9945948719978333
0.99964439868927
0.9995940327644348
0.9996910095214844
0.48055756092071533
0.9955202341079712
0.9995419979095459
0.4893748462200165
0.9996386766433716
0.9996469020843506
0.45244717597961426
0.9995740056037903
0.9996066689491272
1.3238506653578952e-05
0.9995118379592896
0.9995400905609131
0.3561747074127197
0.9996716976165771
0.9996351003646851
0.999637246131897
0.00021713203750550747
0.9995167255401611
0.9975347518920898
0.3356015682220459
0.9996211528778076
0.9997047781944275
0.9968205690383911
0.9990399479866028
0.3625122606754303
0.9969719648361206
0.5070892572402954
0.49954313039779663
0.5231966972351074
0.8135035037994385
0.9910466074943542
0.18528543412685394
0.9989244341850281
0.999382495880127
0.9184067845344543
0.9967033267021179
0.9835561513900757
0.9642541408538818
0.9989646673202515
0.9992727637290955
0.9995688796043396
0.2923361361026764
0.5456795692443848
0.5187826156616211
0.520075261592865
0.4121101200580597
0.4937812089920044
0.9204495549201965
0.9986664056777954
0.2832814157009125
0.9993239641189575
0.9962770342826843
0.9833242297172546
0.9989534616470337
0.2867075502872467
0.5336571931838989
0.49502724409103394
0.5777410864830017
0.6130611896514893
0.6753345727920532
0.6316688060760498
0.20285198092460632
0.5122978091239929
0.575653076171875
0.3401104509830475
0.20844386518001556
0.4839605391025543
0.5837541818618774
0.597459614276886
0.6947346329689026
0.9964659214019775
0.39344561100006104
0.14274077117443085
0.38175708055496216
0.5834311246871948
0.629564106464386
0.6064951419830322
0.27545255422592163
0.5645383596420288
0.8541126251220703
0.3182705044746399
0.36202314496040344
0.3412027955055237
0.4570351541042328
0.6712454557418823
0.7532531023025513
0.6892961263656616
0.731770932674408
0.6703025698661804
0.24100258946418762
0.21650372445583344
0.30786609649658203
0.12898769974708557
0.9919580221176147
0.370246946811676
0.8016338348388672
0.9943190217018127
0.9877520799636841
0.49397289752960205
0.6298549771308899
0.1897992193698883
0.40321213006973267
0.6051886081695557
0.9304134845733643
0.9979433417320251
0.2852383255958557
0.6032589077949524
0.7770114541053772
0.453225314617157
0.5728854537010193
0.8070701360702515
0.8772481083869934
0.42164814472198486
0.8855388760566711
0.6143466830253601
0.5173827409744263
0.43823927640914917
0.22882531583309174
0.3107939660549164
0.685102105140686
0.42473530769348145
0.4377293288707733
0.8724380731582642
0.47420838475227356
0.24043340981006622
0.6015787720680237
0.1312425136566162
0.2111847996711731
0.9983536005020142
0.6568071246147156
0.5170912146568298
0.6120414733886719
0.4469250440597534
0.7968031167984009
0.831369936466217
0.5050086975097656
0.7014445662498474
0.7495014667510986
0.814842164516449
0.6461859941482544
0.5723547339439392
0.4179191291332245
2.3702481485088356e-05
0.19778405129909515
4.986424028174952e-05
1.604882527317386e-05
0.9995729327201843
6.597446190426126e-05
2.2456008082372136e-05
3.350192855577916e-05
0.00010265751916449517
7.591663597850129e-05
0.9996286630630493
8.248656740761362e-06
1.2847846846852917e-05
1.8144606656278484e-05
5.517707541002892e-05
5.595830225502141e-05
2.705472070374526e-05
4.5994605898158625e-05
0.25361400842666626
0.12567199766635895
2.151090302504599e-05
4.224773874739185e-05
0.0009222680819220841
1.8336264474783093e-05
2.2356434783432633e-05
2.328630944248289e-05
0.4515983760356903
0.25319305062294006
2.8609683795366436e-05
1.620534385438077e-05
0.030988194048404694
0.01115322858095169
0.0005018007359467447
1.1350502973073162e-05
1.5870675269979984e-05
7.678588190174196e-06
7.077609552652575e-06
0.0001031063511618413
0.012784398160874844
0.004369726404547691
0.20055274665355682
1.9186265490134247e-05
1.9701634300872684e-05
1.2760210665874183e-05
0.17816533148288727
6.117968496255344e-06
6.392263003363041e-06
4.359786908025853e-05
4.545305637293495e-05
1.4940404071239755e-05
9.75526199908927e-06
2.254320861538872e-05
0.17956021428108215
8.642487046017777e-06
9.485047485213727e-06
0.18825536966323853
0.13282543420791626
0.0006482345634140074
0.03598431497812271
1.2084198715456296e-05
0.06240559369325638
0.09058922529220581
0.05358949303627014
0.006692889146506786
0.014505309984087944
1.3037554708716925e-05
5.6939887144835666e-05
2.074522853945382e-05
1.185465316666523e-05
0.012541152536869049
2.7646492526400834e-05
6.766643309674691e-06
5.093015261081746e-06
1.0502014447411057e-05
