0.999671220779419
0.999283492565155
0.999612033367157
0.9272412657737732
0.9996520280838013
0.9996098875999451
0.9996910095214844
0.999447762966156
0.9996102452278137
0.9994420409202576
0.9995658993721008
0.9996374845504761
0.9996829032897949
0.9996554851531982
0.9614549875259399
0.9996066689491272
0.9977846741676331
0.9995118379592896
0.9995571970939636
0.9997203946113586
0.9996716976165771
0.9980490207672119
0.9996165037155151
0.9997285008430481
0.9995167255401611
0.9992198944091797
0.9995803236961365
0.9996211528778076
0.9997047781944275
0.9968205690383911
0.9844204783439636
0.8017917275428772
0.9964895844459534
0.8299729228019714
0.9945214986801147
0.982014536857605
0.9007452130317688
0.9845411777496338
0.8845259547233582
0.9989244341850281
0.9994351267814636
0.9184067845344543
0.9981129169464111
0.9900222420692444
0.9862581491470337
0.9985204339027405
0.9992727637290955
0.9995688796043396
0.9604041576385498
0.9994394183158875
0.9994623064994812
0.9990962743759155
0.92076575756073
0.9972558617591858
0.9922237396240234
0.9990599751472473
0.999428927898407
0.9994761347770691
0.9933761954307556
0.7415931224822998
0.6062448620796204
0.9559543132781982
0.5336571931838989
0.800261914730072
0.9992325305938721
0.9990788698196411
0.9992479681968689
0.6035324931144714
0.9980747699737549
0.5442272424697876
0.9725757837295532
0.9983596205711365
0.9930598735809326
0.6680954694747925
0.9951759576797485
0.5659445524215698
0.9984155893325806
0.9984921216964722
0.9322130680084229
0.5266557931900024
0.7714694142341614
0.9984639883041382
0.9612986445426941
0.6064951419830322
0.49946919083595276
0.9662429094314575
0.9165421724319458
0.9982158541679382
0.9945186972618103
0.9951490759849548
0.8681912422180176
0.7494121789932251
0.9936316609382629
0.6178373098373413
0.7641842365264893
0.6419541835784912
0.6971719861030579
0.8034275770187378
0.8497105240821838
0.5803435444831848
0.9963468909263611
0.5153036117553711
0.559662938117981
0.9970030188560486
0.9919673800468445
0.4433169364929199
0.9684728980064392
0.6071348786354065
0.5970166921615601
0.9165336489677429
0.9382769465446472
0.6167975068092346
0.9037363529205322
0.996991753578186
0.9193543195724487
0.4748205542564392
0.8920527696609497
0.6745677590370178
0.8992681503295898
0.927903413772583
0.8884782195091248
0.9310728311538696
0.7753964066505432
0.9129645824432373
0.7918906807899475
0.6891942620277405
0.7085352540016174
0.7907434105873108
0.6301475167274475
0.9436306953430176
0.7678200602531433
0.5684562921524048
0.7629483342170715
0.5178425312042236
0.32740554213523865
0.8789939880371094
0.7663379311561584
0.36310842633247375
0.4244576692581177
0.9916513562202454
0.6319779753684998
0.7463496923446655
0.7573045492172241
0.9863536953926086
0.747606098651886
0.8740617036819458
0.6360635161399841
0.5278725624084473
0.9995949864387512
0.6270142197608948
0.564125120639801
0.9996992349624634
0.9995749592781067
0.9995719790458679
0.9996393918991089
0.999422550201416
0.6458579897880554
0.9996479749679565
0.9996926784515381
0.9996769428253174
0.5021280646324158
0.9997190833091736
0.9541610479354858
0.9950063228607178
0.9763582944869995
0.825939416885376
0.9957535266876221
0.9972599744796753
0.9150781035423279
0.9577046632766724
0.9985155463218689
0.9564052820205688
0.4033125638961792
0.4390886723995209
0.4468858242034912
0.9876733422279358
0.855940043926239
0.6203324198722839
0.9588189125061035
0.6340723037719727
0.5927461981773376
0.5985190272331238
0.36741873621940613
0.46774807572364807
0.3578559160232544
0.753234326839447
0.9513678550720215
0.41428613662719727
0.40884870290756226
0.8026362061500549
0.6547255516052246
0.6207858324050903
0.5868560075759888
0.46465155482292175
0.48673832416534424
0.6045531034469604
0.41717207431793213
0.44069674611091614
0.1918868124485016
0.5227763056755066
0.30521681904792786
0.5922285914421082
0.6565343737602234
0.757201611995697
0.4592778980731964
0.42782458662986755
0.6165105700492859
0.39036041498184204
0.3698021173477173
0.38242223858833313
0.5380350947380066
0.28658631443977356
0.21002662181854248
0.18270063400268555
0.14736835658550262
0.2721181809902191
0.1904335767030716
0.5458449125289917
0.4875301718711853
0.22447358071804047
0.4427846372127533
0.3460128903388977
0.4116406738758087
