0.999671220779419
0.9994165897369385
0.9996373653411865
0.9774600267410278
0.99964439868927
0.9996054768562317
0.6528218388557434
0.9995846152305603
0.4170037806034088
0.9995419979095459
0.9996575117111206
0.9996386766433716
0.9996193647384644
0.3834628760814667
0.9995620846748352
0.9996799230575562
0.9995552897453308
0.9995799660682678
0.9995400905609131
0.9995988011360168
0.9996716976165771
0.9996594190597534
0.9996193647384644
0.42694753408432007
0.9995167255401611
0.4061494469642639
0.999594509601593
0.30447855591773987
0.9997212290763855
0.9968205690383911
0.9982277750968933
0.888544499874115
0.9969719648361206
0.480337917804718
0.4671744704246521
0.4822266399860382
0.7905979752540588
0.9889151453971863
0.39546236395835876
0.9988870024681091
0.9993209838867188
0.9184067845344543
0.9981343150138855
0.9925164580345154
0.9939330220222473
0.9974669218063354
0.9994346499443054
0.9996234178543091
0.8243169784545898
0.9994747042655945
0.9993765950202942
0.41405054926872253
0.0010223356075584888
0.9989953637123108
0.9927756786346436
0.9988818764686584
0.2325155884027481
0.999523401260376
0.9956100583076477
0.9833242297172546
0.6067928671836853
0.443882554769516
0.5551148056983948
0.9035182595252991
0.9989411234855652
0.6196621060371399
0.6742411851882935
0.37506112456321716
0.2063228338956833
0.5264032483100891
0.5947479605674744
0.9988716244697571
0.40143126249313354
0.24349315464496613
0.5187707543373108
0.5323512554168701
0.39735111594200134
0.5037443041801453
0.4014526307582855
0.25614362955093384
0.3613918721675873
0.6745365858078003
0.39621758460998535
0.6486018300056458
0.52977055311203
0.9642340540885925
0.8428447842597961
0.14417925477027893
0.9935296177864075
0.363148033618927
0.46098294854164124
0.4064166843891144
0.9967252612113953
0.5659594535827637
0.730187177658081
0.6654378771781921
0.23678292334079742
0.4152680039405823
0.5964987874031067
0.3870677351951599
0.43495887517929077
0.3474277853965759
0.481323778629303
0.9968135952949524
0.9872326850891113
0.6822487711906433
0.5071114897727966
0.35838940739631653
0.5736724734306335
0.6001001596450806
0.8539152145385742
0.9977387189865112
0.9815502166748047
0.9987419247627258
0.8027966022491455
0.3300042450428009
0.9940734505653381
0.5428550243377686
0.15714925527572632
0.5946983695030212
0.5442960262298584
0.4784594774246216
0.5557816624641418
0.24119478464126587
0.22048501670360565
0.10826422274112701
0.6128084659576416
0.9945662021636963
0.44250333309173584
0.8724380731582642
0.4505969285964966
0.5271570086479187
0.5886693000793457
0.4656260907649994
0.3766190707683563
0.6692482829093933
0.6545207500457764
0.5179443955421448
0.5942044854164124
0.9905250668525696
0.3863353729248047
0.9987581968307495
0.7053900957107544
0.9983665347099304
0.6068504452705383
0.8078451156616211
0.5909451246261597
0.5539554953575134
0.44903481006622314
0.9996148347854614
0.9996199607849121
0.999695897102356
0.4666241705417633
0.9995729327201843
0.40850311517715454
0.376764178276062
0.48358243703842163
0.9994516968727112
0.9996381998062134
0.5504468679428101
0.9996943473815918
0.39563044905662537
0.9997168183326721
0.012224174104630947
0.3930847644805908
6.96825300110504e-05
0.23747150599956512
0.25508639216423035
0.10684090852737427
0.9984740614891052
0.585888683795929
0.9752162098884583
0.9992306232452393
0.9992172718048096
0.9993206262588501
0.2707580626010895
0.3735644817352295
0.9996809959411621
0.9983901977539062
0.14077286422252655
0.28058120608329773
0.17089982330799103
0.9975895881652832
0.9989199638366699
0.9968174695968628
0.7671480178833008
0.9959568381309509
0.27870023250579834
0.2795571982860565
0.3085082471370697
0.18522050976753235
0.9981938004493713
0.09517297148704529
0.3393478989601135
0.03133587911725044
0.028728386387228966
0.020479900762438774
0.999110996723175
0.9991670846939087
0.9926625490188599
0.9980936646461487
0.36903512477874756
0.42127957940101624
0.9744715690612793
0.3970734179019928
0.17032739520072937
0.03920409455895424
0.6347429752349854
0.9979453682899475
0.0004635340883396566
0.18727008998394012
0.30112653970718384
0.13592010736465454
0.09680338948965073
1.61900206876453e-05
0.07216467708349228
0.9990442395210266
0.08968190103769302
0.15741603076457977
0.13096033036708832
0.6940554976463318
0.9835202097892761
0.46399158239364624
