0.999671220779419
0.9996663331985474
0.4176409840583801
0.9561306834220886
0.99964439868927
0.9994431138038635
0.9996742010116577
0.9996806383132935
0.9996102452278137
0.9994245767593384
0.9995725750923157
0.9996374845504761
0.9996587038040161
0.9996740818023682
0.9995539784431458
0.999625563621521
0.9983183145523071
0.9995799660682678
0.9995400905609131
0.9856650829315186
0.9996694326400757
0.9996768236160278
0.999637246131897
0.9997254014015198
0.9990455508232117
0.9981024861335754
0.9995803236961365
0.9996211528778076
0.9996432065963745
0.9978780746459961
0.615362286567688
0.6198684573173523
0.4423503279685974
0.6351725459098816
0.860737681388855
0.9956696033477783
0.7957353591918945
0.9902551770210266
0.9428587555885315
0.9992233514785767
0.9991821646690369
0.5226415991783142
0.9166321754455566
0.4674474895000458
0.9889382123947144
0.9990365505218506
0.9988609552383423
0.9995954632759094
0.8825606107711792
0.8289211392402649
0.9992306232452393
0.9990589022636414
0.9696728587150574
0.9933797121047974
0.8149434924125671
0.9988818764686584
0.9975395202636719
0.999545156955719
0.8870502710342407
0.9850234985351562
0.9915229082107544
0.5360948443412781
0.6824265718460083
0.7451120615005493
0.9992942810058594
0.9985595345497131
0.9977360963821411
0.6819614171981812
0.9984652996063232
0.3931160271167755
0.999103307723999
0.9988693594932556
0.584296464920044
0.6163784861564636
0.9933534860610962
0.6465342044830322
0.6315539479255676
0.8311053514480591
0.9769018292427063
0.4692043364048004
0.6527165770530701
0.9991751313209534
0.9877417087554932
0.989364504814148
0.9933888912200928
0.7574716210365295
0.9201822876930237
0.9899159073829651
0.9736982583999634
0.9875541925430298
0.8692537546157837
0.7440022826194763
0.4193291664123535
0.7269684076309204
0.768136739730835
0.2778610289096832
0.4924430549144745
0.5845627784729004
0.2111358940601349
0.9959051609039307
0.4313077926635742
0.3369053602218628
0.4110068082809448
0.5550704598426819
0.9641384482383728
0.4662973880767822
0.689533531665802
0.9462699890136719
0.5129042863845825
0.6229723691940308
0.6959596276283264
0.6624516248703003
0.544745922088623
0.5829834342002869
0.7699121832847595
0.510744035243988
0.41517651081085205
0.40136560797691345
0.673627495765686
0.35972973704338074
0.8075659871101379
0.6151565313339233
0.4819205701351166
0.634971559047699
0.3862277865409851
0.3711629807949066
0.25385499000549316
0.5337239503860474
0.24892815947532654
0.21639876067638397
0.36379438638687134
0.42886027693748474
0.6786221861839294
0.685340404510498
0.6164410710334778
0.5854098200798035
0.48512011766433716
0.9795964956283569
0.7523450255393982
0.4424575865268707
0.5067582130432129
0.4576314687728882
0.6208097338676453
0.9953717589378357
0.8625622987747192
0.6282142996788025
0.469551146030426
0.48060375452041626
0.9995949864387512
0.9978057742118835
0.9983941912651062
0.9989533424377441
0.9930787682533264
0.9991996884346008
0.9996275901794434
0.9995827078819275
0.9996695518493652
0.9997046589851379
0.9996474981307983
0.9996170997619629
0.8376250267028809
0.9997130036354065
0.9984726309776306
0.637382984161377
0.9974682331085205
0.5531143546104431
0.6234030723571777
0.9456875324249268
0.43481728434562683
0.746783435344696
0.882777214050293
0.5558220148086548
0.6232175230979919
0.6898545622825623
0.43176278471946716
0.9954251646995544
0.5130171179771423
0.5069367289543152
0.5875461101531982
0.2238517552614212
0.5326613783836365
0.739121675491333
0.4878949522972107
0.24705132842063904
0.3956345021724701
0.4103095531463623
0.9214101433753967
0.4049607813358307
0.4316241145133972
0.6254691481590271
0.4929579496383667
0.30801236629486084
0.762970507144928
0.43715521693229675
0.6193845272064209
0.35420680046081543
0.17670466005802155
0.3398282825946808
0.2182593047618866
0.3981103301048279
0.18631210923194885
0.5132784247398376
0.26577189564704895
0.26071932911872864
0.3162042200565338
0.19071094691753387
0.2671175003051758
0.18701404333114624
0.17032870650291443
0.35568761825561523
0.24067312479019165
0.4262927770614624
0.31877952814102173
0.3949703574180603
0.14843259751796722
0.15677718818187714
0.30881059169769287
0.39353254437446594
0.3280826807022095
0.2677868604660034
0.27687856554985046
0.5635504722595215
0.32214152812957764
