0.9997039437294006
0.9996745586395264
0.34578362107276917
0.0
0.9996393918991089
0.9993512034416199
0.9962226152420044
0.9997199177742004
0.9995676875114441
0.9995715022087097
0.9996415376663208
0.999666690826416
0.9996503591537476
0.9996975660324097
0.9995905756950378
0.9996066689491272
0.0
0.9692075848579407
0.9965221881866455
0.0
0.9996694326400757
0.9996429681777954
0.9993196725845337
0.9997254014015198
0.9991022348403931
0.9992353916168213
0.9951565265655518
0.9996507167816162
0.9996957778930664
0.9969298243522644
0.998443067073822
0.9993588328361511
0.33477604389190674
0.9843616485595703
0.9920253753662109
0.7501890659332275
0.846587598323822
0.9948834776878357
0.9792909026145935
0.9988870024681091
0.9989482760429382
0.5114116072654724
0.9912958145141602
0.9983017444610596
0.9980338215827942
0.9986666440963745
0.9925063252449036
0.9992488026618958
0.9994593262672424
0.9995817542076111
0.9993513226509094
0.9972065091133118
0.45729658007621765
0.7494065165519714
0.9884147644042969
0.999395489692688
0.9995500445365906
0.9993120431900024
0.9988265633583069
0.9862561821937561
0.9989042282104492
0.6314845085144043
0.7466068863868713
0.6850895881652832
0.9992557168006897
0.9989007711410522
0.892973005771637
0.7792985439300537
0.9976196885108948
0.46715131402015686
0.5221458077430725
0.9982569813728333
0.5761419534683228
0.8118967413902283
0.9943021535873413
0.9891340136528015
0.5608477592468262
0.9976454377174377
0.47119757533073425
0.6039212942123413
0.9946176409721375
0.9977904558181763
0.9959737658500671
0.6648296117782593
0.550427258014679
0.9979435801506042
0.84807288646698
0.905872642993927
0.9357689619064331
0.9273208975791931
0.9679727554321289
0.6288032531738281
0.7689236402511597
0.9452024102210999
0.9640629887580872
0.6913101673126221
0.9991029500961304
0.8113304972648621
0.49614956974983215
0.9954302310943604
0.9900864958763123
0.9948437213897705
0.6557786464691162
0.97296142578125
0.8914085030555725
0.6583342552185059
0.9961549639701843
0.8928496241569519
0.9930912256240845
0.963185727596283
0.7648327946662903
0.9968163371086121
0.643348753452301
0.9940670728683472
0.9287173748016357
0.6859291195869446
0.9415801167488098
0.4835079610347748
0.8402196764945984
0.9541507363319397
0.9757306575775146
0.9348803758621216
0.9494543075561523
0.7641029357910156
0.96451735496521
0.6977611184120178
0.498627632856369
0.5755556225776672
0.9020811915397644
0.536681056022644
0.43329012393951416
0.9494085907936096
0.842936635017395
0.968522310256958
0.8415737152099609
0.9954752326011658
0.9495745301246643
0.9942370653152466
0.6130357384681702
0.8456003069877625
0.985444962978363
0.9926806092262268
0.6873128414154053
0.998195230960846
0.9247039556503296
0.8363818526268005
0.9398863911628723
0.957609236240387
0.9995949864387512
0.0
0.0
0.0
0.0
0.9990547299385071
0.9996770620346069
0.9996067881584167
0.6276218295097351
0.0
0.0
0.9996798038482666
0.0
0.9997053742408752
0.0
0.9994208812713623
0.9984424710273743
0.9995375871658325
0.9826487302780151
0.9933585524559021
0.7942513823509216
0.0
0.5824511051177979
0.44510892033576965
0.0
0.0
0.0
0.9987818598747253
0.47669684886932373
0.0
0.6113507151603699
0.42506226897239685
0.9984909296035767
0.4606347382068634
0.0
0.0
0.3675832450389862
0.37566012144088745
0.4654538333415985
0.29228675365448
0.298003613948822
0.7555232644081116
0.6789502501487732
0.0
0.9272662997245789
0.6220074892044067
0.5153851509094238
0.9971376657485962
0.43183931708335876
0.25161421298980713
0.0
0.0
0.0
0.5255753397941589
0.23343053460121155
0.27652087807655334
0.9852012991905212
0.4370734393596649
0.43805253505706787
0.16097429394721985
0.0
0.592004656791687
0.8243387341499329
0.4127914607524872
0.48785704374313354
0.5463331937789917
0.37757158279418945
0.479391485452652
0.0
0.651539146900177
0.6281673312187195
0.5562049746513367
0.0
0.24488145112991333
0.27972298860549927
