0.9996578693389893
0.9996750354766846
0.991929292678833
0.43045735359191895
0.9766988754272461
0.9993882179260254
0.9996910095214844
0.9996020197868347
0.9995688796043396
0.9993995428085327
0.9996455907821655
0.8924962282180786
0.42777207493782043
0.9996845722198486
0.9996318817138672
0.9995506405830383
0.9994219541549683
0.9995812773704529
0.9960190653800964
0.35558876395225525
0.34902819991111755
0.9960541725158691
0.9987620115280151
0.9997244477272034
0.9948031306266785
0.9993775486946106
0.9995606541633606
0.9996211528778076
0.9996744394302368
0.9947217702865601
0.995089590549469
0.3719401955604553
0.9809902906417847
0.6322572231292725
0.9946666955947876
0.5575999617576599
0.9673502445220947
0.9950727820396423
0.9650418758392334
0.9982842803001404
0.9996365308761597
0.9184067845344543
0.9964355230331421
0.9739711284637451
0.9977810978889465
0.9301057457923889
0.999342143535614
0.9996032118797302
0.9994865655899048
0.9994677901268005
0.9994990825653076
0.9993054866790771
0.9514868855476379
0.8989911675453186
0.9962548017501831
0.9982801675796509
0.9996644258499146
0.999546468257904
0.8502666354179382
0.997137188911438
0.9986257553100586
0.9323737621307373
0.9929693341255188
0.8728529214859009
0.999487042427063
0.9988282322883606
0.979154646396637
0.9976562261581421
0.9984917640686035
0.9235421419143677
0.9643163084983826
0.9989921450614929
0.9992485642433167
0.8036576509475708
0.9914748668670654
0.9991937279701233
0.9985817670822144
0.9937602877616882
0.8995779752731323
0.9897973537445068
0.5103583931922913
0.7049404978752136
0.9952398538589478
0.997887909412384
0.9953404664993286
0.9983983635902405
0.9880829453468323
0.9943154454231262
0.6058335900306702
0.9313284754753113
0.996441662311554
0.7535417675971985
0.9878508448600769
0.9968051910400391
0.3924644887447357
0.9105696082115173
0.8584650754928589
0.8886959552764893
0.9455625414848328
0.9968358874320984
0.9810753464698792
0.9962573051452637
0.9503951072692871
0.928289532661438
0.9639347195625305
0.9974358677864075
0.6454136371612549
0.9638519883155823
0.9856141209602356
0.9769344925880432
0.9721965789794922
0.9834166765213013
0.9879329800605774
0.9829224348068237
0.8109744787216187
0.9979296922683716
0.9941571950912476
0.9708123803138733
0.8757296204566956
0.7544064521789551
0.8809170126914978
0.9636164903640747
0.993162989616394
0.9140263199806213
0.9890161156654358
0.9192302227020264
0.6534262895584106
0.8192096948623657
0.7891563177108765
0.9841752648353577
0.7943325042724609
0.9805613160133362
0.6838458180427551
0.9965569972991943
0.8289951682090759
0.8594312071800232
0.93729567527771
0.9778859615325928
0.7041633129119873
0.9782990217208862
0.9661020636558533
0.8518077731132507
0.6925159096717834
0.9876601099967957
0.9741370677947998
0.8342463970184326
0.9417656660079956
0.8845480680465698
0.9995601773262024
0.9994818568229675
0.9995779395103455
0.999666690826416
0.9993439316749573
0.6034799814224243
0.999638557434082
0.9996033310890198
0.9996671676635742
0.9996389150619507
0.9995896220207214
0.9996786117553711
0.9996886253356934
0.9997121691703796
0.9996708631515503
0.9991371035575867
0.9989857077598572
0.9977443218231201
0.9988470077514648
0.9988147020339966
0.9993120431900024
0.9989141225814819
0.9995344877243042
0.9994296431541443
0.9989492297172546
0.9991164803504944
0.999245285987854
0.9963094592094421
0.9987000226974487
0.9995341300964355
0.9969251751899719
0.9976353645324707
0.9985082745552063
0.9921298623085022
0.9980365633964539
0.9994487166404724
0.9977678060531616
0.9980757236480713
0.999483585357666
0.9944168329238892
0.9932790398597717
0.997509241104126
0.9992669224739075
0.9994663596153259
0.9975606203079224
0.9937446713447571
0.9936805963516235
0.9983343482017517
0.9953163862228394
0.9966312050819397
0.9982700347900391
0.9987390637397766
0.9944504499435425
0.9980910420417786
0.998608410358429
0.998264491558075
0.9942516088485718
0.9939654469490051
0.9971702694892883
0.9913250207901001
0.9963680505752563
0.9967454671859741
0.9898248314857483
0.9954771399497986
0.9923995137214661
0.9880176782608032
0.9798810482025146
0.992448091506958
0.9979702830314636
0.991358757019043
0.9958900809288025
0.9942037463188171
0.9975333213806152
0.9962305426597595
0.9958631992340088
