0.9997039437294006
0.9975100755691528
0.9996023774147034
0.8973802328109741
0.9996520280838013
0.9995611310005188
0.9996500015258789
0.9997162222862244
0.9996102452278137
0.9996304512023926
0.9996705055236816
0.9996750354766846
0.999670147895813
0.9996809959411621
0.9996035695075989
0.9887120723724365
0.9943296313285828
0.9995799660682678
0.9996516704559326
0.9997184872627258
0.9996770620346069
0.9996010661125183
0.9996681213378906
0.9997202754020691
0.9994896650314331
0.9991291165351868
0.9995779395103455
0.9995081424713135
0.99970942735672
0.998461127281189
0.9991140961647034
0.9894170165061951
0.9957665205001831
0.9994893074035645
0.99314945936203
0.9973506927490234
0.9478901624679565
0.9988020658493042
0.9298005104064941
0.9984948635101318
0.7970138192176819
0.9944007992744446
0.9655369520187378
0.9900222420692444
0.998278021812439
0.9985916018486023
0.9995571970939636
0.9996683597564697
0.7957189083099365
0.9995719790458679
0.9994087219238281
0.9993120431900024
0.9255881309509277
0.9984340071678162
0.9983914494514465
0.4474163353443146
0.9996623992919922
0.9994882345199585
0.9901331663131714
0.4623504877090454
0.9984020590782166
0.9986822009086609
0.996299684047699
0.8544227480888367
0.9989485144615173
0.9982784986495972
0.997968852519989
0.9984151124954224
0.9985418319702148
0.7779491543769836
0.9762600064277649
0.9915748238563538
0.9993658661842346
0.9570453763008118
0.9970587491989136
0.999014139175415
0.9978959560394287
0.9979875087738037
0.9531050324440002
0.9976795315742493
0.9898003935813904
0.9993410706520081
0.9918129444122314
0.6725798845291138
0.9980731010437012
0.957403838634491
0.9038886427879333
0.9941797256469727
0.9717229008674622
0.9948738217353821
0.9929943680763245
0.8974799513816833
0.9580106735229492
0.8636845350265503
0.9253077507019043
0.9969182014465332
0.45270195603370667
0.3750843405723572
0.9882860779762268
0.9968371391296387
0.9835820198059082
0.9962137341499329
0.9956170320510864
0.9642794132232666
0.9931126236915588
0.99834144115448
0.9893708229064941
0.9675160646438599
0.9924749732017517
0.9199959635734558
0.8044308423995972
0.997759222984314
0.9898533225059509
0.9979097247123718
0.9855631589889526
0.9982359409332275
0.9795263409614563
0.9794076681137085
0.8586840629577637
0.871332585811615
0.8351020812988281
0.9279777407646179
0.9521850943565369
0.9486427903175354
0.9688796997070312
0.7733760476112366
0.7043898701667786
0.7964946627616882
0.9943080544471741
0.975531280040741
0.4060329794883728
0.9105153679847717
0.9622185826301575
0.8211705088615417
0.7390149235725403
0.7389125823974609
0.9742728471755981
0.9860795140266418
0.7143697142601013
0.988477349281311
0.7797397375106812
0.9982168078422546
0.9112948775291443
0.9984570741653442
0.8876245021820068
0.40644481778144836
0.8572778105735779
0.8525266051292419
0.999560534954071
0.999647855758667
0.9996308088302612
0.999695897102356
0.9991217255592346
0.9995536208152771
0.9996393918991089
0.999422550201416
0.9996337890625
0.9996820688247681
0.9996864795684814
0.9996786117553711
0.9996943473815918
0.9997084736824036
0.9911863207817078
0.9990975856781006
0.9986761212348938
0.9989194869995117
0.9988736510276794
0.9959084987640381
0.9955116510391235
0.999054491519928
0.9992511868476868
0.9991776347160339
0.9992306232452393
0.9992172718048096
0.9941896200180054
0.9921520352363586
0.9995089769363403
0.9996687173843384
0.9987022876739502
0.6454208493232727
0.9914221167564392
0.9865990877151489
0.7210497856140137
0.9813190698623657
0.997666597366333
0.9964283108711243
0.9956743121147156
0.9520856738090515
0.9864962697029114
0.847194492816925
0.9985929131507874
0.9975035786628723
0.815401554107666
0.961024284362793
0.9119248390197754
0.9918647408485413
0.9872521162033081
0.9941607117652893
0.4990096688270569
0.9980564117431641
0.9950613379478455
0.9073010683059692
0.9255900979042053
0.9779695272445679
0.962705135345459
0.6536482572555542
0.7090820670127869
0.5453190207481384
0.9906255006790161
0.9079354405403137
0.7893725633621216
0.9435545802116394
0.9342232346534729
0.9607471227645874
0.975081741809845
0.9237977266311646
0.6089946627616882
0.9876787066459656
0.7378984093666077
0.8710097074508667
0.9242140054702759
0.9665756821632385
0.9439952373504639
