0.9996476173400879
0.9996722936630249
0.9996261596679688
2.6963052732753567e-05
0.999660849571228
0.0010681012645363808
0.9996032118797302
0.9996588230133057
0.9993932247161865
0.9990129470825195
0.9995985627174377
0.9995467066764832
0.9996776580810547
0.9996726512908936
0.9995551705360413
0.9995881915092468
3.7050675018690526e-05
0.9994631409645081
0.927483856678009
4.792553590959869e-05
0.9996920824050903
0.00031436243443749845
0.9996365308761597
0.9997062087059021
0.9602217078208923
0.9989174604415894
0.999562680721283
0.9988697171211243
0.9997068047523499
5.929629332968034e-05
1.4517566341964994e-05
2.1745187041233294e-05
9.275937372876797e-06
1.2732652976410463e-05
0.893998920917511
2.657373624970205e-05
0.9180189967155457
0.9836493730545044
0.7157067656517029
0.9995249509811401
0.9993826150894165
0.9796140789985657
0.970799446105957
2.6255787815898657e-05
1.4921367437636945e-05
0.9984656572341919
0.9993547797203064
0.9996086955070496
7.573803304694593e-05
2.9293487386894412e-05
3.441478111199103e-05
0.9993263483047485
7.79038600740023e-05
0.999358594417572
2.2841715690447018e-05
1.905168937810231e-05
3.541182377375662e-05
0.999545156955719
3.0371351385838352e-05
0.9990528225898743
3.594165536924265e-05
2.5671912226243876e-05
3.298396404716186e-05
1.1543602340680081e-05
0.9991788268089294
1.9967370462836698e-05
1.5631811038474552e-05
3.823060615104623e-05
0.5385465621948242
9.628076441003941e-06
0.998489499092102
0.9964309930801392
3.373452273081057e-05
2.0372855942696333e-05
0.9954652190208435
1.638448520679958e-05
0.9979608058929443
9.779200809134636e-06
0.019166970625519753
8.011145837372169e-06
1.3060825949651189e-05
0.9974483251571655
2.5611536329961382e-05
8.637690916657448e-05
2.7826172299683094e-05
9.285718078899663e-06
1.770947710610926e-05
2.5958022888517007e-05
4.7771449317224324e-05
2.490010592737235e-05
1.0436966476845555e-05
7.091910811141133e-05
1.4004444892634638e-05
2.1142361219972372e-05
0.0003106327203568071
1.469530525355367e-05
0.0001436643797205761
0.00022689622710458934
1.1868963156302925e-05
0.9959051609039307
2.4174638383556157e-05
0.9891435503959656
3.063907570322044e-05
1.437161881767679e-05
1.3329924513527658e-05
9.826861059991643e-06
2.671633592399303e-05
7.137189822969958e-05
9.248220521840267e-06
3.111817204626277e-05
0.0013299861457198858
1.2452873306756373e-05
1.3661067896464374e-05
1.2244096978974994e-05
2.0829540517297573e-05
0.023471327498555183
3.449535142863169e-05
0.0035788959357887506
1.276545663131401e-05
4.6559525799239054e-05
0.0002855133207049221
1.4008025573275518e-05
1.131003682530718e-05
9.93180674413452e-06
5.831817543366924e-05
1.0120788829226512e-05
0.00012971342948731035
0.00015789148164913058
2.1809233658132143e-05
3.193962766090408e-05
6.45545223960653e-05
2.1389720131992362e-05
1.6605590644758195e-05
5.7678156736074015e-05
2.6081148462253623e-05
1.2813732610084116e-05
0.0023069013841450214
0.9726216793060303
9.208256415149663e-06
0.007277290336787701
9.71849021880189e-06
1.527551830804441e-05
0.00034632047754712403
2.1043295419076458e-05
6.7144978856958915e-06
1.386016720061889e-05
0.0022009434178471565
1.9629580492619425e-05
0.9996114373207092
5.036114453105256e-05
0.00011297380842734128
9.613155998522416e-05
1.7652198948781006e-05
0.00014220806770026684
0.9996614456176758
0.9994403719902039
0.999657392501831
0.00024226863752119243
0.00012271646119188517
0.9996418952941895
1.5918378267087974e-05
0.9997082352638245
3.485186607576907e-05
9.920077718561515e-05
3.6507910408545285e-05
3.961821857956238e-05
3.301259857835248e-05
1.476058878324693e-05
2.631971256050747e-05
3.5273471439722925e-05
0.00012991161202080548
3.0228608011384495e-05
1.770209928508848e-05
3.676509004435502e-05
2.3016033082967624e-05
2.059103462670464e-05
1.3193524864618666e-05
1.809164859878365e-05
1.649573641770985e-05
5.235640855971724e-06
2.9072960387566127e-05
1.5603320207446814e-05
1.4236095921660308e-05
9.630463864596095e-06
5.0605613068910316e-05
2.1472882508533075e-05
5.023566700401716e-05
1.2327577678661328e-05
1.3920439414505381e-05
1.1318280485284049e-05
1.8090613593813032e-05
1.4954787729948293e-05
6.875277904327959e-05
0.00018644731608219445
0.000179253431269899
3.175936217303388e-05
1.667765900492668e-05
3.5335891880095005e-05
8.725968655198812e-05
4.215967419440858e-05
3.727482908288948e-05
1.3788828255201224e-05
1.4547112186846789e-05
2.0864152247668244e-05
9.583143764757551e-06
1.9787590645137243e-05
1.7935408322955482e-05
6.233333260752261e-05
4.1380793845746666e-05
1.2415817764122039e-05
0.0008429129375144839
1.7687636500340886e-05
0.0004371457907836884
0.0005599678843282163
1.2489660548453685e-05
2.2456628357758746e-05
6.255252083064988e-05
3.6975172406528145e-05
1.2629051525436807e-05
6.083508560550399e-05
0.00018604651268105954
5.649869126500562e-05
0.002372069051489234
