1.0
1.0
0.0
1.0
1.0
1.0
1.0
1.0
1.0
1.0
1.0
1.0
1.0
0.0
1.0
1.0
1.0
1.0
1.0
1.0
1.0
1.0
1.0
1.0
1.0
1.0
1.0
1.0
1.0
1.0
1.0
1.0
1.0
0.5
1.0
1.0
1.0
1.0
0.5
1.0
1.0
1.0
1.0
1.0
1.0
1.0
1.0
1.0
1.0
1.0
1.0
1.0
1.0
1.0
1.0
1.0
1.0
1.0
1.0
1.0
1.0
1.0
1.0
1.0
1.0
1.0
1.0
1.0
1.0
1.0
1.0
1.0
0.4
0.6666666666666666
1.0
1.0
1.0
1.0
1.0
1.0
1.0
1.0
1.0
1.0
0.8571428571428571
1.0
1.0
1.0
1.0
1.0
1.0
1.0
0.8571428571428571
1.0
1.0
1.0
0.5714285714285715
0.75
1.0
0.8571428571428571
1.0
0.5
1.0
0.8571428571428571
1.0
0.888888888888889
1.0
1.0
1.0
1.0
1.0
1.0
0.8571428571428571
1.0
1.0
0.888888888888889
1.0
1.0
1.0
1.0
1.0
1.0
1.0
1.0
0.5
0.888888888888889
1.0
1.0
0.888888888888889
1.0
1.0
1.0
1.0
1.0
1.0
1.0
1.0
0.8000000000000002
1.0
1.0
1.0
1.0
1.0
1.0
1.0
1.0
1.0
1.0
1.0
0.0
0.0
0.0
1.0
1.0
0.0
1.0
0.0
0.0
0.0
1.0
1.0
0.0
0.0
1.0
0.0
0.5
0.5
0.3333333333333333
0.0
0.4
0.0
0.0
0.0
0.0
0.4
0.0
0.0
0.0
0.0
0.0
0.8571428571428571
0.3333333333333333
0.3333333333333333
0.0
0.0
0.0
0.0
0.1111111111111111
0.4444444444444444
0.25
0.3333333333333333
0.3333333333333333
0.0
0.3333333333333333
0.28571428571428575
0.4
0.4
0.25
0.0
0.36363636363636365
0.22222222222222224
0.5
0.5
0.04444444444444444
0.0
0.0
0.0
0.2
0.4444444444444445
0.20000000000000004
0.47058823529411764
0.0
0.15384615384615385
0.4444444444444445
0.6
0.20000000000000004
0.0
0.045454545454545456
0.0
0.0
0.3636363636363636
0.05405405405405406
0.0
