1.0
1.0
1.0
1.0
1.0
1.0
1.0
0.0
1.0
1.0
1.0
1.0
1.0
1.0
1.0
1.0
1.0
1.0
1.0
1.0
1.0
1.0
1.0
1.0
1.0
1.0
1.0
1.0
1.0
1.0
1.0
1.0
1.0
0.5
1.0
1.0
1.0
1.0
1.0
1.0
1.0
1.0
1.0
1.0
1.0
1.0
1.0
1.0
1.0
1.0
1.0
1.0
1.0
1.0
1.0
1.0
1.0
1.0
1.0
1.0
0.8
1.0
0.8
1.0
1.0
1.0
1.0
0.8
1.0
0.6666666666666666
1.0
1.0
1.0
1.0
1.0
0.8
1.0
1.0
1.0
1.0
1.0
1.0
1.0
0.8
0.8571428571428571
1.0
1.0
1.0
1.0
1.0
1.0
1.0
1.0
0.8571428571428571
1.0
1.0
0.75
1.0
1.0
0.75
1.0
0.75
0.8571428571428571
1.0
1.0
0.5714285714285715
1.0
0.8571428571428571
0.8571428571428571
1.0
1.0
0.8571428571428571
1.0
1.0
1.0
0.6666666666666666
1.0
1.0
1.0
1.0
1.0
1.0
0.888888888888889
1.0
1.0
1.0
0.888888888888889
0.888888888888889
0.888888888888889
1.0
1.0
1.0
1.0
0.6666666666666665
0.5
1.0
1.0
0.6666666666666665
0.888888888888889
1.0
0.6666666666666665
0.888888888888889
1.0
1.0
0.888888888888889
1.0
0.888888888888889
0.888888888888889
1.0
1.0
0.4
1.0
1.0
1.0
1.0
1.0
0.0
1.0
1.0
1.0
1.0
1.0
1.0
1.0
1.0
0.0
1.0
1.0
1.0
1.0
1.0
1.0
0.5
0.6666666666666666
0.0
1.0
1.0
1.0
0.6666666666666666
0.8571428571428571
0.8
1.0
0.0
0.0
1.0
0.8571428571428571
1.0
0.6666666666666666
1.0
1.0
1.0
1.0
0.8
1.0
1.0
0.75
0.8571428571428571
0.0
0.25
0.8571428571428571
0.8571428571428571
0.8571428571428571
1.0
1.0
0.0
0.75
1.0
1.0
0.8000000000000002
0.4444444444444445
0.6
0.6
0.4444444444444445
0.6
0.25
1.0
0.0
0.888888888888889
1.0
0.6666666666666665
1.0
0.6666666666666665
0.25
