1.0
1.0
1.0
1.0
1.0
1.0
1.0
1.0
1.0
1.0
1.0
1.0
1.0
0.0
1.0
1.0
1.0
1.0
1.0
1.0
1.0
1.0
1.0
1.0
1.0
1.0
1.0
1.0
1.0
1.0
1.0
1.0
1.0
0.5
1.0
1.0
1.0
1.0
1.0
1.0
1.0
1.0
1.0
1.0
1.0
1.0
1.0
1.0
1.0
1.0
1.0
1.0
1.0
1.0
1.0
1.0
1.0
1.0
1.0
1.0
1.0
1.0
1.0
1.0
1.0
1.0
1.0
1.0
1.0
1.0
1.0
1.0
0.4
1.0
1.0
1.0
1.0
1.0
1.0
1.0
1.0
1.0
1.0
1.0
0.8571428571428571
1.0
1.0
1.0
1.0
1.0
1.0
1.0
0.8571428571428571
1.0
1.0
1.0
0.5714285714285715
0.8571428571428571
1.0
0.8571428571428571
1.0
0.0
1.0
0.8571428571428571
1.0
0.888888888888889
1.0
1.0
1.0
1.0
1.0
1.0
0.8571428571428571
1.0
1.0
0.888888888888889
1.0
1.0
1.0
1.0
1.0
1.0
1.0
1.0
0.7499999999999999
0.888888888888889
0.888888888888889
0.888888888888889
0.888888888888889
1.0
1.0
1.0
1.0
1.0
1.0
1.0
1.0
0.8000000000000002
1.0
1.0
1.0
1.0
1.0
1.0
1.0
1.0
1.0
1.0
1.0
0.0
1.0
0.0
1.0
1.0
0.0
1.0
1.0
0.0
0.0
1.0
1.0
0.0
0.0
1.0
0.0
0.5
0.5
0.3333333333333333
0.0
0.5
0.0
0.0
0.0
0.0
1.0
0.0
0.0
0.0
0.6
0.4444444444444444
0.8571428571428571
0.3333333333333333
0.3333333333333333
0.3333333333333333
0.0
0.0
0.28571428571428575
0.28571428571428575
0.2222222222222222
0.25
1.0
0.0
0.0
0.6
0.28571428571428575
0.25
0.0
0.25
0.0
0.4
0.0
0.25
0.25
0.4444444444444445
0.0
0.0
0.5
0.2
0.22222222222222224
0.0
0.16666666666666666
0.0
0.0
0.0
0.4615384615384615
0.22222222222222224
0.0
0.20000000000000004
0.2857142857142857
0.0
0.09756097560975609
0.11764705882352941
0.0
