1.0
1.0
1.0
1.0
1.0
1.0
1.0
1.0
1.0
1.0
1.0
1.0
1.0
0.0
1.0
1.0
1.0
1.0
1.0
1.0
1.0
1.0
1.0
1.0
1.0
1.0
1.0
1.0
1.0
1.0
1.0
1.0
1.0
0.5
1.0
1.0
1.0
1.0
0.5
1.0
1.0
1.0
1.0
1.0
1.0
1.0
1.0
1.0
1.0
1.0
1.0
1.0
1.0
1.0
1.0
1.0
1.0
1.0
1.0
1.0
1.0
1.0
1.0
1.0
1.0
1.0
1.0
1.0
1.0
1.0
1.0
1.0
0.5
1.0
1.0
1.0
1.0
1.0
1.0
1.0
1.0
1.0
1.0
1.0
0.75
1.0
1.0
1.0
1.0
1.0
1.0
1.0
1.0
1.0
1.0
1.0
0.6666666666666666
1.0
1.0
0.75
1.0
0.5
1.0
1.0
1.0
0.8
1.0
1.0
1.0
1.0
1.0
1.0
1.0
1.0
1.0
0.8
1.0
1.0
1.0
1.0
1.0
1.0
1.0
1.0
1.0
1.0
1.0
1.0
1.0
1.0
1.0
0.8333333333333334
1.0
1.0
1.0
1.0
1.0
0.8
1.0
1.0
1.0
1.0
1.0
1.0
1.0
1.0
1.0
1.0
1.0
0.0
1.0
0.0
1.0
1.0
0.0
1.0
1.0
0.0
0.0
1.0
1.0
0.0
0.0
1.0
0.0
0.5
0.5
0.25
0.0
0.5
0.0
0.0
0.0
1.0
0.5
0.0
0.0
0.0
0.3333333333333333
0.0
0.6
0.2
0.3333333333333333
0.5
0.0
0.0
0.3333333333333333
0.42857142857142855
0.2
0.04081632653061224
0.6666666666666666
0.0
0.0
0.6
0.5
0.0
0.16666666666666666
0.0
0.0
0.2857142857142857
0.5
0.3333333333333333
0.25
0.046511627906976744
0.0
0.125
0.5
0.25
0.0
0.0
0.024390243902439025
0.25
0.0
0.0
0.42857142857142855
0.0
0.0
0.25
0.42857142857142855
0.0
0.2
0.0
0.0
