1.0
1.0
1.0
1.0
1.0
1.0
0.5
0.5
0.0
1.0
1.0
1.0
1.0
0.0
1.0
1.0
1.0
1.0
1.0
1.0
1.0
1.0
1.0
0.2
1.0
0.0
1.0
0.0
1.0
1.0
1.0
1.0
1.0
1.0
0.5
0.0
1.0
1.0
1.0
1.0
1.0
1.0
1.0
1.0
1.0
1.0
1.0
1.0
0.6666666666666666
1.0
1.0
0.5
0.0
1.0
1.0
1.0
0.0
1.0
1.0
1.0
1.0
0.6666666666666666
1.0
1.0
1.0
1.0
1.0
0.5
0.3333333333333333
1.0
1.0
1.0
0.5
0.6666666666666666
1.0
1.0
1.0
1.0
0.6666666666666666
0.5
0.5
0.6666666666666666
0.5
1.0
1.0
1.0
1.0
0.0
1.0
0.0
0.5
0.75
1.0
1.0
1.0
1.0
0.5
1.0
1.0
1.0
1.0
0.5
0.6666666666666666
1.0
1.0
1.0
1.0
0.5
1.0
1.0
1.0
1.0
1.0
1.0
1.0
0.6666666666666666
1.0
1.0
0.5
0.75
1.0
1.0
1.0
0.0
0.045454545454545456
0.5
1.0
1.0
1.0
1.0
1.0
0.5
0.5
1.0
0.6666666666666666
1.0
0.8333333333333334
0.6
1.0
1.0
1.0
1.0
0.8
1.0
1.0
1.0
1.0
1.0
0.0
1.0
1.0
1.0
0.0
1.0
0.0
0.0
1.0
1.0
1.0
0.0
1.0
0.0
1.0
0.0
0.0
0.0
0.0
0.0
0.0
1.0
1.0
1.0
1.0
1.0
1.0
0.0
0.0
1.0
1.0
1.0
0.25
0.0
1.0
1.0
1.0
1.0
1.0
0.25
0.3333333333333333
0.5
0.0
1.0
0.0
0.3333333333333333
0.0
0.0
0.0
1.0
1.0
0.8
1.0
0.5
1.0
1.0
1.0
0.0
0.0
1.0
1.0
0.0
0.5
0.25
0.0
0.0
0.3333333333333333
0.3333333333333333
1.0
0.3333333333333333
0.0
0.0
1.0
1.0
0.5
