1.0
1.0
0.0
1.0
1.0
1.0
1.0
1.0
1.0
1.0
1.0
1.0
1.0
1.0
1.0
1.0
0.0
1.0
1.0
1.0
1.0
1.0
1.0
1.0
1.0
1.0
1.0
1.0
1.0
1.0
1.0
1.0
1.0
0.5
1.0
1.0
1.0
1.0
1.0
1.0
1.0
1.0
1.0
1.0
1.0
1.0
1.0
1.0
0.5
1.0
1.0
1.0
1.0
1.0
1.0
1.0
1.0
1.0
0.6666666666666666
1.0
1.0
1.0
1.0
1.0
1.0
1.0
1.0
1.0
1.0
1.0
1.0
1.0
1.0
1.0
1.0
1.0
1.0
1.0
1.0
1.0
0.75
1.0
0.6
1.0
1.0
1.0
1.0
1.0
1.0
1.0
1.0
1.0
0.5
0.8
1.0
1.0
1.0
1.0
0.0
1.0
1.0
0.75
0.2857142857142857
0.6666666666666666
1.0
1.0
0.6
1.0
1.0
0.75
1.0
1.0
0.75
1.0
1.0
0.75
0.5
0.4444444444444444
1.0
0.5
1.0
1.0
1.0
1.0
1.0
1.0
0.0
0.8
0.38461538461538464
0.6
1.0
0.16666666666666666
1.0
1.0
1.0
0.75
1.0
1.0
1.0
0.75
1.0
0.7142857142857143
1.0
1.0
1.0
1.0
0.25
1.0
1.0
1.0
1.0
1.0
0.16666666666666666
1.0
1.0
1.0
1.0
1.0
0.5
1.0
1.0
1.0
1.0
1.0
1.0
1.0
1.0
1.0
1.0
1.0
1.0
0.3333333333333333
1.0
1.0
0.6666666666666666
1.0
1.0
0.6666666666666666
1.0
0.4
0.6666666666666666
1.0
0.5
0.0
0.6666666666666666
0.6
1.0
0.75
0.75
1.0
1.0
0.25
1.0
1.0
1.0
0.75
1.0
0.0
0.0
1.0
0.25
1.0
0.6
0.3333333333333333
1.0
0.5
1.0
0.5
0.5
0.2
0.6666666666666666
0.8
0.6
1.0
0.6
0.8333333333333334
0.5
0.75
1.0
0.5
0.5
0.625
0.5
