1.0
1.0
1.0
1.0
1.0
1.0
1.0
1.0
1.0
1.0
1.0
1.0
1.0
0.6666666666666666
1.0
1.0
1.0
1.0
1.0
1.0
1.0
1.0
1.0
1.0
1.0
1.0
1.0
1.0
1.0
1.0
1.0
1.0
1.0
0.5
1.0
1.0
1.0
1.0
0.5
1.0
1.0
1.0
1.0
1.0
1.0
1.0
1.0
1.0
1.0
1.0
1.0
1.0
1.0
1.0
1.0
1.0
1.0
1.0
1.0
1.0
1.0
1.0
1.0
1.0
1.0
1.0
1.0
1.0
1.0
1.0
1.0
1.0
0.4
0.4
1.0
1.0
1.0
1.0
1.0
1.0
1.0
1.0
1.0
1.0
0.8571428571428571
1.0
1.0
1.0
1.0
1.0
1.0
1.0
0.8571428571428571
1.0
0.8571428571428571
1.0
0.5714285714285715
0.75
1.0
0.75
1.0
0.5
1.0
0.8571428571428571
1.0
0.888888888888889
1.0
1.0
1.0
1.0
1.0
1.0
0.8571428571428571
1.0
1.0
0.888888888888889
1.0
1.0
1.0
1.0
1.0
1.0
1.0
1.0
0.7499999999999999
0.888888888888889
1.0
1.0
0.888888888888889
1.0
1.0
1.0
1.0
1.0
1.0
1.0
1.0
0.8000000000000002
1.0
1.0
1.0
1.0
1.0
1.0
1.0
1.0
1.0
1.0
1.0
0.0
1.0
0.0
1.0
1.0
0.0
1.0
1.0
0.0
0.0
1.0
0.0
0.0
0.0
0.4
0.0
0.5
0.0
0.05128205128205129
0.0
0.5
0.0
0.0
0.0
0.0
0.5
0.0
0.0
0.5
0.0
0.2222222222222222
0.7499999999999999
0.0
0.3333333333333333
0.25
0.0
0.0
0.0
0.7499999999999999
0.25
0.25
0.6666666666666666
0.8
0.0
0.0
0.25
0.0
0.25
0.2
0.0
0.4
0.0
0.0
0.888888888888889
0.15384615384615383
0.2
0.4
0.4444444444444445
0.4
0.22222222222222224
0.1818181818181818
0.1818181818181818
0.0
0.0
0.20000000000000004
0.4000000000000001
0.0
0.0
0.20000000000000004
0.3076923076923077
0.0
0.0
0.0
0.0
