0.9702447753688189
0.9293953861940769
0.007777973296989068
0.9825102207227097
0.7865799986772914
0.9813531745851938
0.9802470201436222
0.9661923273361007
0.9764576510674099
0.21627660264061038
0.9227713545456405
0.7386230360229693
0.9787473160173872
0.10503037948077097
0.9835435725241884
0.985628587003456
0.9347377151942435
0.9899998159279554
0.9814984551718517
0.9915518084131304
0.9806400290257012
0.870583126003078
0.9835037440740039
0.978886535416789
0.9475808683175262
0.9866254221514011
0.9859276000090805
0.4032694624454735
0.9651948183792097
0.9741445317147139
0.9879040282277781
0.9892642646477953
0.9909480220575972
0.1903524812109334
0.9603800998284233
0.9777853331299444
0.0024742433315687357
0.936660844029131
0.6572990468768388
0.9848401681331724
0.6918674528913877
0.979575641958411
0.9829336253937181
0.9897738772268703
0.9575259630232955
0.9896711509909113
0.9317367831301725
0.9545841278244941
0.9824518947988196
0.9633587871969784
0.9833736204278356
0.9838952768030693
0.932868278345514
0.9094106352637253
0.978918593963258
0.9887958191310505
0.9177280978943323
0.9889265734298889
0.010686967305000985
0.97803985613837
0.30396671987658236
0.9503819049245347
0.9229549526602819
0.41881008675607423
0.9898822818645543
0.9641861529472673
0.9444997648501385
0.6774401966069912
0.9303961221394359
0.979682420352068
0.9018700295762732
0.9915570092242464
0.3123561690666884
0.47684418551716523
0.9165854303229917
0.8660169208796339
0.9568697157213178
0.9740226934682181
0.9673296943361883
0.9350171749250668
0.9235786149196314
0.957780402783369
0.7755498373550547
0.9646627996578266
0.9613167040409636
0.9919629476850611
0.9813154644888721
0.8584774375892973
0.8245083667865876
0.8466263392494354
0.9277313055718516
0.9628155058472836
0.8175068653240604
0.901245850706775
0.936931863932766
0.7276165545107567
0.6934138452745887
0.8292188913564235
0.8185403730078139
0.8232851375283708
0.9686157799589412
0.4078822205815559
0.9853528222641343
0.805974376345558
0.9624871770869637
0.7063887464801927
0.9455892579103323
0.9315351391770968
0.9746123303445661
0.9835117407176548
0.8977719362724277
0.8872917824152534
0.835897580845013
0.9048847040395839
0.8388488782086225
0.7960925262651292
0.987427954408141
0.9217278589347571
0.9841139780030476
0.7418385569344281
0.8303888969952095
0.960570922366498
0.9143106886001254
0.9199068864397419
0.752341915328309
0.900500225478806
0.8542132185767441
0.8714388959141642
0.8237608086733769
0.9866332572517997
0.8642257358085245
0.9066014771660084
0.8590942352542308
0.34811816504166493
0.6568547120266366
0.9604484309621509
0.974872962300436
0.5057938726178203
0.9396019005851437
0.9168872587034409
0.9380359319297739
0.8998363362538092
0.9555123509407774
0.9859984372990885
0.9222014529345972
0.9789050594706913
0.6833359271029208
0.7956148162926667
0.8263032883911581
0.0968683746765221
0.19470767968020203
0.007224242055684914
0.7935808740588342
0.8163956439338379
0.012918597111832478
0.8886971749897001
0.11363008471145981
0.8560422980742817
0.20291166213134987
0.8339666426378218
0.26065329897882566
0.32724531686025143
0.060029712151755905
0.48252543419172494
0.15570140662399645
0.42581698116140004
0.31543133059455847
0.06449641369488335
0.12272274184289643
0.12024863357428615
0.1228683865848928
0.060710955376106934
0.015027732885897748
0.24669014803984263
0.4169654428122543
0.052728651797337454
0.10100953226854727
0.17951483111990693
0.30947050363141515
0.18472912985230514
0.31762063071322694
0.013156777209996008
0.03692155116836221
0.22884115188304377
0.07988676986007764
0.09905917872813748
0.0726182304916263
0.25646686629491017
0.4062526552195369
0.019965144058625903
0.10256425616875686
0.3015396126981869
0.21747273882227341
0.33105991179561733
0.20083253735063689
0.017149412878875538
0.023675847504561927
0.42632300818304325
0.06887999589270066
0.33062731618352853
0.08990561167834958
0.040220397146396865
0.12720214342528446
0.039974248695034235
0.057090049013214995
0.17482979652567426
0.08791766732309493
0.5459450293291238
0.10695737883002229
0.04446218464920993
0.050517409875668495
0.020500480616799953
0.35948623796893897
0.13843225844175153
0.24064686932735138
0.2554117903140447
0.10804167031466451
0.19410035138461953
0.23943622661656985
0.012931101861476864
0.21569851002723048
0.09742693805056456
0.046168072495841324
