0.9756602647280423
0.0024293715300337084
0.025839814145040895
0.5746712409260344
0.9288922962713408
0.9826220756626308
0.9802470201436222
0.008067444404913322
0.873524248764836
0.21627660264061038
0.5470366289704314
0.6259477048379863
0.9605305225864272
0.22151563132626018
0.9838026709463468
0.9828020696825478
0.010772822871503426
0.9906658701009958
0.2877874446392494
0.014575134870839293
0.9863172981006679
0.9429985183291139
0.9835037440740039
0.028366838576699666
0.9475808683175262
0.9874734809985696
0.11155715007580658
0.5781172203081093
0.9596269803840669
0.9663026909847986
0.9891438087985842
0.07829393098683983
0.991084370120711
0.6662224931355023
0.25510111280931314
0.6112575642078205
0.9301761537559663
0.981268415644185
0.012466716358663518
0.9848401681331724
0.9780518005696955
0.9771101418747844
0.9744777311711208
0.9850720768457487
0.9783839652896585
0.9893138098801637
0.9317367831301725
0.9503672832800203
0.021615114456721728
0.660547779538063
0.6409201905213124
0.0039315641011980615
0.09750957055622812
0.36997984873338374
0.978918593963258
0.9887958191310505
0.007003365080367437
0.9889265734298889
0.005835855605323936
0.9749864712079698
0.29325944222302663
0.03330186478331203
0.7985919430049833
0.2500301903256763
0.8109757555480526
0.6883186278201605
0.7390297302819151
0.7886075638695802
0.07209830601745028
0.7311945846788627
0.5295737357027628
0.13307959869906943
0.009271927108112619
0.7696017069624932
0.664057419539756
0.609105824364224
0.7924371285004301
0.9798795017647126
0.006004716413269507
0.001794001349139988
0.07985395608749778
0.20967139914409025
0.020496362126088324
0.9199025180382396
0.4275327262033293
0.7932305911611042
0.985366181620256
0.03711827027418724
0.4424437369285827
0.4361373848009961
0.6830228138272532
0.9706829537064021
0.835689174834604
0.8623725282829432
0.8662965436239417
0.5196062823506009
0.06275114366006287
0.0027861993665222098
0.026107560551667113
0.16274828385746537
0.9646109581570841
0.24023405619747668
0.9200284911788792
0.96482991734199
0.9681019287695682
0.658738459646874
0.8085112373829418
0.16418426817756945
0.5780066838330764
0.8402728326570581
0.9320497363829823
0.8248259127238007
0.6597908591134998
0.7103685257894924
0.837298681276161
0.4526492344680093
0.013382802992697517
0.978563993244704
0.9766610982121628
0.2130344242129505
0.9659964610180111
0.8505243015183227
0.7981494377921394
0.7047405677782304
0.09277256273957261
0.022352484908910758
0.88460446190468
0.6374483925797242
0.6709505213608793
0.972430271590809
0.8191836987692236
0.47944151898757725
0.77203720772546
0.002066134480239525
0.005653995397109985
0.934196171384154
0.8719938299284967
0.6490635844821827
0.8572166144061939
0.0030218260805492552
0.8891616667601225
0.8678153478637204
0.0030809333769870914
0.8781437433335932
0.8749971430717768
0.9743906789232113
0.6599104264288842
0.8630812279448319
0.04806246311309849
0.0732244592871047
0.3052844108581967
0.14426786405384276
0.10036932391908879
0.8781707434184997
0.10680036169209631
0.010687439733464482
0.12745281786408216
0.14242424397281314
0.1397403754240317
0.8261028049292697
0.08858486085023225
0.07484499408093064
0.04459705674738888
0.10170470963378739
0.014828287508169665
0.09716793080891802
0.04709713535530228
0.0069967811110810555
0.012149748644946399
0.15255182436685608
0.1404632190437639
0.35100408700904395
0.0808438094899463
0.09311032188518724
0.14754355351026996
0.27257090380404236
0.00944037798028249
0.158948959671099
0.13319833769574493
0.0793457566361257
0.0027777587275353392
0.03548996720811023
0.08037674507974651
0.08019607769267027
0.04173673515984566
0.024418732664620555
0.1510639241143675
0.03419769619934638
0.031231371634714622
0.015404721223859432
0.019620768297106562
0.09143958277663047
0.05015353400685932
0.08785082684692917
0.009455537364516424
0.1066463077558116
0.07822375417499061
0.089421540007519
0.10123698816229462
0.1673675383054682
0.09423575872539282
0.04311756009168804
0.20123852752261862
0.10251462046235886
0.012028597605979277
0.03052452995674257
0.062598697313435
0.07792381425536095
0.10382824623743447
0.019671052655758803
0.030969147030910544
0.008723394672147845
0.019844116271210445
0.06775988438557393
0.022547978944637084
0.10331861494407649
0.13197169849547116
0.07096701919248806
0.005783240125291878
0.05025017783223565
0.15428592218248796
0.09948516098496321
0.04482719411816953
