0.984884041078435
0.8682707636063282
0.9893916367948932
0.007202173776003735
0.7865799986772914
0.9758879433057654
0.9802470201436222
0.6967848969974636
0.9764576510674099
0.17699330208066186
0.9672181344397484
0.7135328480239718
0.978093191170865
0.970230718381985
0.27420108135711624
0.9828020696825478
0.7741403577312111
0.9906658701009958
0.4090651133712104
0.04623252093188344
0.9863172981006679
0.13631475232974744
0.4472340145330546
0.9803087698527194
0.9475808683175262
0.964307015581627
0.9793249831573507
0.5781172203081093
0.9596269803840669
0.9663026909847986
0.9875571639644352
0.6117787361629242
0.9910305667791472
0.6493178148411679
0.9530965837943819
0.9321775670206539
0.005812573908093482
0.9756188957119508
0.8850642534365101
0.9848401681331724
0.978740460791606
0.9771101418747844
0.9768770312027084
0.9827367155069895
0.9654238707644575
0.9842933868901776
0.9317367831301725
0.9503672832800203
0.9764168859294844
0.9824225754237395
0.9816082004424335
0.9839031747777426
0.8950424963569327
0.6787666688363201
0.7975031640343869
0.9838264572886769
0.9596763620160659
0.9883719446776165
0.0050448083646750606
0.9692062697982322
0.04034596618179546
0.9225317275757638
0.7985919430049833
0.9394855884564933
0.9885539018679883
0.12332763917640671
0.8547469437610083
0.7372565802395441
0.9594740548968836
0.8317005066146832
0.9073334508252132
0.9853292763986636
0.7283947706949241
0.4077392048024711
0.9514609011215535
0.6331891917361708
0.9612572664187388
0.9820166653473708
0.9827947651436936
0.9359396354644125
0.3177581774723809
0.9468433119286925
0.8584978936132728
0.9199025180382396
0.35032369987211504
0.9547313606195107
0.9844246323282465
0.8795176335437594
0.9212269513709611
0.8438985980024363
0.875235090241582
0.8649026386561318
0.9738915094635718
0.8442097386612545
0.8836915177352568
0.7328087544552874
0.8564955688817097
0.9330549685454453
0.8433449392993917
0.8267466266961222
0.946270608209053
0.02188772420251393
0.8448750397354278
0.9441802314765488
0.9668966406774692
0.7006492568022211
0.9137255643500691
0.7602730683257131
0.5509967308316569
0.9785894677444665
0.9477538466997535
0.5758386121537249
0.982294676096415
0.7160205131945844
0.818055804367862
0.4731906422483987
0.9757184610462504
0.9152142557476051
0.9343331960545858
0.7902233066106228
0.9587012398345384
0.8421248506056511
0.946529710862413
0.9652461547391752
0.9064186964434365
0.914796555086547
0.8679626471407293
0.8862079014721526
0.10956416325434222
0.9850170589483463
0.8610388704649239
0.6071663548762717
0.6231427766942307
0.790924877439684
0.10109289344783075
0.8910076943935289
0.8867240249089856
0.6931348154724959
0.7837299276299813
0.935608867614335
0.8145305125376071
0.6153166350736731
0.9489274541453707
0.9831589042728769
0.7710956524779142
0.9610014681788762
0.3278108412402114
0.8665152786647263
0.9887689312119559
0.07135709567385332
0.08143806126716804
0.8011732862621285
0.6898336886614901
0.8503383941885666
0.9542618323525917
0.9875478144082697
0.003033749518815366
0.9451270322650849
0.8563135427439649
0.8129320263846873
0.31515918963819123
0.45731638631675536
0.2089607152846205
0.8042549117926043
0.9770796455513022
0.01105985928176977
0.33036597547705393
0.977928917363538
0.798176237228428
0.9271436225157208
0.9346246146353647
0.9374939411688727
0.5037670318659723
0.5146601517058698
0.7813696970134398
0.9798791652396007
0.8926454035639177
0.40622940488756537
0.6111114299262987
0.09623166123321734
0.6547872676793264
0.8080607769662888
0.8067254761307651
0.7644969890115173
0.08970322957596172
0.6849166427844311
0.5536369089458412
0.486568752173191
0.5476766916333091
0.5442448161130493
0.6415242895135123
0.7983570357093231
0.6104065274800217
0.6512193688396031
0.5694448349870671
0.455505143960368
0.7762003133009179
0.6733453325860043
0.5696634212770022
0.6823882159276768
0.6550426849030655
0.6016114410840461
0.47793838544999967
0.64487462597905
0.16841818708898842
0.46826469014030253
0.2963102648318993
0.6367557747442474
0.7169022553584491
0.1881247803663934
0.6424415451026718
0.3337624107578726
0.4230330368067901
0.3142177942924626
0.49653447308093146
0.011268158496188447
0.06069040730019777
0.15653803920951886
0.5909435327559954
0.6646110541950009
0.6505370044856772
0.5410055801602948
0.5148173636155489
