0.984884041078435
0.5647962035303129
0.9917867867752269
0.9709006710080204
0.9288922962713408
0.9466122672655992
0.11421982363841808
0.06322953391916802
0.2247037259928385
0.21627660264061038
0.9288055273593707
0.6259477048379863
0.9798872061309166
0.16372785034094334
0.9821444285453513
0.9778013514142522
0.9171030713846672
0.9899998159279554
0.2877874446392494
0.08573531750176461
0.9863172981006679
0.8877240091948326
0.9877540020363975
0.04046060660473389
0.9475808683175262
0.00820272209639626
0.979253134143433
0.06129442911027411
0.9227632399452749
0.9663026909847986
0.9910570935854606
0.27805986708448605
0.991084370120711
0.6592698622621029
0.02297487012829114
0.3573344742077249
0.02617565516544514
0.936660844029131
0.6614903765835465
0.9842416592681839
0.9769090304560641
0.9771101418747844
0.975972882494698
0.9837182040241099
0.9724912934392428
0.9862822933928611
0.9152615235897933
0.9596830737624967
0.026548785518568704
0.9733891427880225
0.9841999701969044
0.002726251347224193
0.010241575809320709
0.9613452307505379
0.9775878859886228
0.987844869428163
0.003947485066474527
0.9897688591708786
0.013475346082236706
0.9749864712079698
0.05555261065476954
0.15999979365543526
0.7924627422239863
0.27559729278385775
0.9906342865645553
0.7767014243416493
0.7333590403906347
0.32145034633830405
0.19597199762139725
0.8007676004404012
0.787096012046298
0.9836986863860268
0.42916446563221844
0.03539453989687885
0.6688128533497276
0.14241600727435696
0.5073124543598184
0.775929411013802
0.01475446426647199
0.002413841402534276
0.014856756405599336
0.3260118746854589
0.0133597176000825
0.9563666025443619
0.5491889615638585
0.9627181433164211
0.9860152052467871
0.004122046535447541
0.9147898279539639
0.05622396192598697
0.2529477657366128
0.010271293631081462
0.9776220289634742
0.09264298492944655
0.8787627475735773
0.10247442797442356
0.01755474948574194
0.7663345434762622
0.8112181779274397
0.5250953193158786
0.6918515402960993
0.05277868267006631
0.6307917269130106
0.9677377208911934
0.968721634635429
0.8339419081939244
0.6982987839045506
0.0038986027630069954
0.836190037928649
0.8414824297536173
0.9108906560890736
0.7885139820543001
0.9869023391341566
0.9186705529887395
0.8388488782086225
0.6541597260511294
0.9868415693551124
0.839508969037907
0.1564431486701708
0.15700108422702194
0.7847897886794215
0.5916848605483768
0.8953697201884648
0.15685908133156662
0.4012532690808696
0.3769384808664024
0.8592670328805304
0.960877356693848
0.5678229547760398
0.972430271590809
0.7379217572005423
0.14090235224709532
0.7832312797190715
0.4627971514929855
0.13007767948354357
0.8465223501328966
0.01189428025144855
0.5854131185083085
0.8673021682983838
0.9314552520540319
0.6232147414396753
0.8522997550223509
0.004350150493422299
0.9787512779656402
0.8461863348457396
0.9730269326233694
0.4432367518592994
0.8695497270478915
0.006919559547890329
0.9778176291351283
0.9721675216782536
0.9796003320550887
0.012548031914191182
0.8781707434184997
0.009855403161987776
0.010810768812639647
0.2649438387151215
0.9530129243504337
0.9271461647827195
0.01815077400674679
0.9866252411087233
0.16816075740532543
0.986045786689422
0.048460709537995146
0.02683807381972372
0.06849838727273747
0.019296230733870573
0.017808768727018514
0.012890572150577404
0.918687207943402
0.08788871807080711
0.970965683230147
0.9843999361050485
0.9850542863567107
0.9895591003403966
0.11216299078391721
0.26826889504706625
0.9911283883761669
0.9660138930720015
0.061438543533304316
0.019435785500138563
0.043486367909017824
0.9791503875501649
0.9760499144544724
0.9596829922363121
0.8129657310010509
0.9089565173206009
0.00415562760208294
0.004895530914507757
0.062124642125809565
0.019293081864114398
0.9438196563415133
0.03209300471520334
0.20616447340452887
0.06845460685023251
0.019165086640688916
0.026736526364361184
0.9874847238714294
0.9846918397412807
0.8740347269620328
0.9701939606807509
0.5481688605644256
0.6557772612002987
0.8229165434454845
0.49311453545091527
0.14618235275634528
0.196965796605253
0.7832766645008917
0.9615547244967596
0.026971721693517685
0.055428636628256145
0.013645923190067829
0.037823541681172176
0.053740453419305646
0.029833781004470664
0.21643716129626392
0.9661742347232348
0.024092928336161633
0.12281901996937432
0.05646293056885673
0.7358913022005902
0.9396111695300118
0.637418363563448
