0.984884041078435
0.9547935396529906
0.1394383167274601
0.059365449709631285
0.9288922962713408
0.9811314954669549
0.971799595904696
0.9828909304079203
0.9764576510674099
0.980797498663616
0.9529777321683475
0.7135328480239718
0.9764441813985931
0.3486776875367037
0.9819363418686385
0.9851122164121087
0.03532484718541208
0.9899998159279554
0.2877874446392494
0.17029603026296847
0.9781671374461526
0.916575439892663
0.9835037440740039
0.983586922026154
0.9677637518694632
0.9854685608100363
0.9793249831573507
0.5781172203081093
0.3356750228497883
0.5875892305195519
0.003585142189558741
0.2865913956921788
0.6080264495059634
0.22882875941110914
0.908556756814613
0.9720212150412683
0.20659668368448397
0.2588717825532782
0.9697601810875277
0.9799567202005953
0.9699402621689959
0.17211174551604716
0.2893945558342482
0.7712739142726283
0.891640438705199
0.9896711509909113
0.9392075605969092
0.9598408674459697
0.5255729003343086
0.26214189208138
0.9694838392874211
0.9810623085494632
0.92713517245044
0.7471972494743491
0.8612275065370997
0.987844869428163
0.48287657017151225
0.99116345865501
0.019393846362844355
0.974380835653529
0.9249910357065736
0.19595514755433857
0.8831036111249289
0.8505602274433329
0.98884759233011
0.9563609878511187
0.7238792741698574
0.6102940415606459
0.6556233145240754
0.3455509552184187
0.9741406012867324
0.9813607477144219
0.74322819821243
0.47531216411106364
0.8585686490671737
0.22062731831747798
0.6539052861533146
0.8053433721908825
0.9459653850789176
0.4267098016447804
0.002788926448313701
0.9580948337495904
0.6802240689725204
0.9073427890257121
0.14974134201634115
0.6838668978448851
0.9756463851894971
0.6636929804830808
0.8366803411499111
0.7464512129157036
0.8437310258962805
0.9638112666647773
0.7495948398990784
0.02341886387345767
0.027230018749864346
0.38635588085479206
0.8427725352621334
0.6676823182722748
0.20898150018890793
0.9679642650285349
0.6490508250258904
0.3586506943327817
0.5562678436766566
0.6553775354233803
0.9790678994712219
0.4445630230247771
0.420532606846334
0.8609021812365418
0.4866306082744411
0.7903603082695649
0.6754396928032336
0.2676891760864239
0.01857424439396419
0.4756718767161737
0.8246259900117352
0.597285958647574
0.4054014705090992
0.3129209268528863
0.13601646187842992
0.1409356438258563
0.9205309312824383
0.6393386383502655
0.7823045270064962
0.8265345123298735
0.768373960261764
0.15690069020754363
0.5779367161981479
0.4137064451011393
0.32900223771019754
0.5812599683004801
0.7096490148810973
0.19958182095898758
0.5263568433639686
0.19930881212946666
0.5792144101717445
0.6277378401196989
0.717087609166738
0.3569429348959409
0.48797301757230155
0.347487544373198
0.29399783982892114
0.07246185535354266
0.4907374822870162
0.9860253251249039
0.5384464094932033
0.8183080336430004
0.31842955275992735
0.48798598094509116
0.9887689312119559
0.12482365879914212
0.0854867250644348
0.8701394208385901
0.07006053050453244
0.8737591956899994
0.9460595047205262
0.9876934177288649
0.9876036439752468
0.5940730918956767
0.7776426646742094
0.9756197818782296
0.5831428553865773
0.9837472547338288
0.6241566842433341
0.29634161814339216
0.7765342841822338
0.548221776770184
0.1902622714850971
0.366301116171368
0.3778706570761839
0.8786982137444259
0.02510323209243305
0.1293960445304285
0.3038912275599333
0.2581473645694567
0.02417543501515075
0.9703763709174226
0.10263535904604555
0.09959416452729015
0.38902641732604376
0.020027834641290463
0.45914962487600464
0.521529023007801
0.502011054548329
0.18743932006306194
0.41915884181366875
0.3296105875564036
0.5662192306455257
0.42499102056813765
0.43094151743945863
0.6766132759117147
0.12199314744183516
0.04183187836333832
0.036401777526304545
0.07942187799870948
0.2225703004294832
0.50581159106579
0.32776221945620043
0.5841742466694372
0.07559927188588017
0.7553850765091541
0.19099779934685163
0.5605047400309222
0.3681688639120273
0.06977764193612868
0.11562197115725217
0.2944167160480077
0.5155765896974744
0.4192706120330296
0.361426578711436
0.027227869660771013
0.1175430440074822
0.05722537748875531
0.12801565666526646
0.10437640977110764
0.19404116842723207
0.022762494130945363
0.5930056280786736
0.024835903977450186
0.20655555411679094
0.31982309670297476
0.19524759237463488
0.3589151928760989
0.45061794908410385
