0.9854943361843735
0.12659809648271816
0.21482502748085602
0.3991088828302848
0.9574927128674494
0.983480959619713
0.9741840832634847
0.8532898268157507
0.9370741322696031
0.8209709346004345
0.9362526177947937
0.11272087349193406
0.9756363732792668
0.9621077833004785
0.9751820638925077
0.9828020696825478
0.30665278589366846
0.7964549620139482
0.9901729317456722
0.25569716874758264
0.9781671374461526
0.93636431690112
0.5746937385204324
0.983586922026154
0.718936684388834
0.9705127026539886
0.8104449352013968
0.8721961773221542
0.9678256019910005
0.5940452342544141
0.9901401154785539
0.9889113475341045
0.06758362917422968
0.8270823188133396
0.8933867806478158
0.8646735910129341
0.5913229400312636
0.9571556720371296
0.9628359890260186
0.9842416592681839
0.755974104841613
0.2778941541760437
0.9499365930614185
0.9817486902890044
0.9731236461363776
0.9900913905538036
0.7248917700769614
0.7524844794837849
0.9821307823938432
0.9856571076391516
0.9844785610766746
0.9785591982719476
0.6658489236397184
0.7065969026407601
0.9810084773759101
0.9886583397405457
0.8950131312659427
0.9882588613401082
0.00346798141156835
0.9742815201950384
0.046500379188048516
0.02124294271578054
0.05947900281128259
0.7017627237979982
0.9886652781704789
0.9269974335417479
0.9015326315119122
0.8126730803533788
0.8867915665452396
0.8302635666452172
0.7201479299281118
0.9807454584827872
0.7226200527270507
0.8124499436235619
0.755762292165716
0.5812211491147484
0.5694412944082137
0.9731107156427583
0.7309215920854727
0.7695793459998604
0.914739470366427
0.9269513658500758
0.789536611843832
0.8786170467884525
0.7886670744480422
0.9774592806473115
0.9839092763462716
0.6783110228350623
0.34655874521458047
0.5001675721077443
0.9259416627011063
0.9586745251480313
0.7684569057813944
0.9113360389161564
0.9559573017607947
0.4554019527567288
0.9912999307085829
0.9759423685476759
0.2889386743548508
0.947965824916768
0.9639458278455894
0.876614017433267
0.9577749651550657
0.9150983912987308
0.9322363342093463
0.8376277517225199
0.9450353858399173
0.8438439652109914
0.9615517497918321
0.9630027458133903
0.861226218472617
0.9186920994748115
0.01959674759574784
0.7103143044149584
0.7982263436421142
0.6603180029072675
0.9620332269995702
0.8352338421115688
0.9437221084163557
0.7427215445568685
0.8772324655875476
0.8830973856230783
0.9149210652134068
0.8808259907581302
0.8422077194947529
0.820212299019352
0.5538715931819178
0.8356746979407991
0.5759582493932858
0.8681523852006232
0.8570657214701862
0.9555312077159769
0.06617082332502423
0.9018842674090005
0.7422236432400571
0.9439339587389093
0.9690549048145994
0.919584607239088
0.0985011472622702
0.9320223453743252
0.9742240442780548
0.7733948313472281
0.5734740195858289
0.9791878903941033
0.9384542667961151
0.9853745316352547
0.6735645615136546
0.666306138126501
0.9887689312119559
0.3320983807833248
0.41844643887407307
0.4503798887600906
0.39761481222637934
0.4104904691207693
0.9178609098933581
0.9795708385998412
0.003419125196843766
0.29390582947510624
0.46380539172703983
0.7210894228143491
0.266172703726249
0.9901257673886176
0.2806019904349044
0.9824766768536043
0.980607362637142
0.9852789819258344
0.3051361196932985
0.9666108989279211
0.8569675536370894
0.4006586610702408
0.7585001023800361
0.6618733590448603
0.22966478978983063
0.2212543678247077
0.33153339667777015
0.9724166951530538
0.6467152384140634
0.2737267062151956
0.8546426040295755
0.5435986315560674
0.2756110953690721
0.7684676218258519
0.3006707131613825
0.2523418761380384
0.5251329545267271
0.5223137897712438
0.5126165926512914
0.5294171580481913
0.5109826393256884
0.896980902040035
0.5615581578581607
0.30135326274838226
0.762798828930585
0.5348158484357869
0.4861459063695779
0.4430410035074505
0.5871162530687565
0.4406197225082095
0.2991924851836058
0.2696053854647794
0.29231632563884746
0.8421495396466139
0.5118980902932392
0.40779834527714715
0.9679782225291346
0.750216909372445
0.6813468573382001
0.43132036958909853
0.2977509594132479
0.8265017923396085
0.7689154782227755
0.13767028751663388
0.5599910116389485
0.6566628673427913
0.7425532871600482
0.7354940772158216
0.3366156881454002
0.7196157996541774
0.7449755926016545
0.19847986388693137
0.1903449924093367
0.34038524740026244
0.3646289005974665
