0.965428258513469
0.8414831524597585
0.8814201224030003
0.003535913332099972
0.04319521890198229
0.9808921464915267
0.9802470201436222
0.027555239911461353
0.9704064186220858
0.8571824277732724
0.97891822390864
0.14202508381617462
0.17426070618870687
0.9333798712672123
0.9696595778997231
0.9563767767267116
0.8607309080409813
0.9812395937160023
0.9822299150216863
0.001992003874212863
0.026579427286804683
0.9216950076155564
0.44493282689726615
0.946749289970812
0.9460155181685862
0.9793669466542251
0.980957658751931
0.5781172203081093
0.9692230004304407
0.9400687773794114
0.9823250589268498
0.44346344568074403
0.9894285094054903
0.4684922455642369
0.8919611290464452
0.5305639987058736
0.5999614263136054
0.9771178644775936
0.96700674210112
0.9860004624777665
0.972322252095154
0.9771101418747844
0.9160142564757712
0.9882733118815605
0.9787816078792202
0.9819823745105938
0.9374714714223699
0.9545841278244941
0.9825377917776337
0.9821094137415581
0.9835455105316634
0.9834161673369114
0.9315640579828607
0.5284607880547463
0.9784987749942223
0.984064013328943
0.9725321417907017
0.9862705890002208
0.009288592008766458
0.9783296448663313
0.8261952739203069
0.7879474784725469
0.9731524764080276
0.7726696745896058
0.9906107421221576
0.956467527399701
0.9294238390788356
0.9663937796910856
0.8219054374924689
0.7513569377489453
0.9113416585241235
0.9878397244604195
0.9530752804117498
0.37054443873996
0.9510023397266881
0.7244334889887971
0.9727708528092814
0.9556496656673701
0.8911422896074012
0.9190310940503398
0.5605934309023916
0.310424979626301
0.7755825939181414
0.9823350512791414
0.8285020594860333
0.9908398503593147
0.9695088858750066
0.13954077025482062
0.29465488537845824
0.48434029976971466
0.8755353635195531
0.9759607659083868
0.9264279226233046
0.9814036965194526
0.45792940971584584
0.5110564660334488
0.8381008854393973
0.9595589551318817
0.9124142613767651
0.8940393345894911
0.9742829334995486
0.7233879802854128
0.9885841370181623
0.8508033073193232
0.9469311415969908
0.9772449733578602
0.6350183465053577
0.8722185820086273
0.9767585857177629
0.9720328972928488
0.9573495909209275
0.9170425089471589
0.9857060524371106
0.9259956389203818
0.8191413468809212
0.8432072897854174
0.9685274113342663
0.9140239464000717
0.9105334676556835
0.5582764959004773
0.9721013139508061
0.9458623993065672
0.9522612934925634
0.9091853368896868
0.8633696050590526
0.9635452534341611
0.8719443407045135
0.9041615147443554
0.12616549806906163
0.9855477726048325
0.8658638732002449
0.6934704068755602
0.8181763988121231
0.8050163370803731
0.3241383568468107
0.8747673705388421
0.978893007566783
0.20460618248996176
0.8597634434098782
0.9410261889346261
0.9158898925250025
0.8599722577354756
0.8591037116015325
0.9846276768113401
0.8166497625986341
0.9687309487488533
0.7274908183237326
0.9781927481809073
0.9838061865158546
0.976166641397136
0.9764898598821191
0.9739005730723788
0.9787625308137516
0.5534333040543127
0.5384829284364457
0.9613800136091373
0.9850351284730435
0.9865668372930361
0.9790073868611339
0.7657471889875556
0.9841247061433254
0.6594051304260419
0.9674832824002682
0.9788043505777672
0.12717865396080372
0.9456892542697688
0.7957234604451475
0.7641108233486681
0.8250838724965693
0.974702931250548
0.9819209015903849
0.9766961259812166
0.9779499564115043
0.9726161780457424
0.9803582263337143
0.9394768264397203
0.9624192583451474
0.9790956296272152
0.9350295776304646
0.8236238758823627
0.7932789600401194
0.9589842450405734
0.9842855798532048
0.9820193364975451
0.9581629308316161
0.9273992933844262
0.824563331479398
0.97155891024503
0.9760485888605903
0.972725353255868
0.8499474624510559
0.9716608314761845
0.810844160720084
0.1938145700041995
0.09758498172828563
0.8798721306461024
0.9567724167190709
0.9441061983084115
0.9787136792363
0.9756939745463039
0.9087611716041905
0.9722156254203033
0.9273038929336349
0.9545696160188375
0.8533075583865269
0.9713483461611716
0.9484881452518497
0.9525180181872106
0.8683091476244129
0.9242446773353135
0.8574743227856809
0.042131601368973946
0.23297407235860237
0.8954466224818682
0.9355547301472572
0.7398438263758138
0.9790563245198443
0.953542840022193
0.9090511397600007
0.9658439709726275
0.8152540542933246
0.9238353252984228
0.91662125972927
