0.9854943361843735
0.8036338126064031
0.941987475914752
0.9846356607280103
0.7865799986772914
0.9708570116408582
0.9908787772453789
0.6855801543026224
0.9764576510674099
0.9630018296588798
0.987794753311655
0.9663143389533044
0.9795061242694972
0.9849597924175796
0.9827525121396468
0.06217256678303069
0.9816052873040005
0.9899998159279554
0.5721489312967398
0.3717342766461197
0.9806400290257012
0.6972777680832812
0.9866994679483924
0.964205551500139
0.9495141509241504
0.9729039139321537
0.9799190119620528
0.66636272181171
0.9879820804922395
0.9567199369931747
0.9883958232985198
0.9801210685928167
0.9907273551730618
0.8402623268779176
0.9166306121587496
0.9594341991864143
0.681754808748598
0.9791786213848328
0.9858868479796906
0.9840243797717093
0.7027427267722455
0.9690733170434277
0.8529602830945412
0.9827367155069895
0.8774958043107126
0.5662951998369247
0.9486016413806393
0.9644868986835617
0.39113737609748545
0.9852193495390581
0.9757577485718513
0.9825737340012262
0.9472339101345346
0.8224622226909064
0.9705267448417388
0.6589452654192519
0.9770016362294235
0.9886593227668489
0.00965215155284294
0.6801390678692787
0.28096069030770987
0.9601884203962338
0.9769909744848505
0.927506953657627
0.9882984550693802
0.962617136638938
0.43823388741762703
0.8880204450231266
0.9233177351482263
0.7473893912070828
0.8488741272138955
0.9811698372110796
0.9735554323519637
0.6818795945997813
0.9768460459882004
0.8170618523801246
0.9868308736680025
0.9532255589337533
0.6433552267555857
0.9901760877455678
0.9691135846645108
0.9312710875186424
0.8001951310647322
0.9767539385909114
0.9705972568717418
0.9905094972047991
0.9686845431847785
0.7643446328975142
0.5820510983738895
0.49686159436485905
0.9412872098687429
0.9619328991401733
0.9715201231844729
0.9788170633062908
0.9677795982361258
0.27436275965176515
0.739068237145754
0.6639719370252086
0.9632271875359465
0.9551523505538696
0.8915814801358484
0.905908246747664
0.9846927020142032
0.8528791993944954
0.9740718591182818
0.9803054538148118
0.9132255005002647
0.7764713321556257
0.9721261506814289
0.9722729429141627
0.9748931075518567
0.2957816776328099
0.9876242839029779
0.9573786725036308
0.8161507083486964
0.8491869670683777
0.9408864788335148
0.9660808798553823
0.9628688865489198
0.7387706454383592
0.9619480207961004
0.8088434813744525
0.8394353630031939
0.9435747324854818
0.27181315986164173
0.9572432427959707
0.9759766669974045
0.9817605476712264
0.6650965754986599
0.9530249793502291
0.8578379897585593
0.8761562461533371
0.8207219482892696
0.8746585652194441
0.5545799476994377
0.8214340767841404
0.9795489865925208
0.7762585406556831
0.9012004749314234
0.9306256325483173
0.929391458234751
0.8765289991981525
0.9431773999415842
0.9598631787851625
0.8150593428312508
0.7386808499317378
0.8290063797507625
0.970143541828798
0.9840579163344985
0.9804378525583167
0.9805437406484397
0.9796003320550887
0.5971149460551943
0.9449356456447879
0.9542618323525917
0.9875478144082697
0.8770650184342302
0.9636095904092143
0.9559248542666583
0.7657471889875556
0.9866252411087233
0.990065414442883
0.523882124730152
0.987378191071327
0.024060419467817163
0.9858339998963523
0.9748025538756847
0.9827791378691385
0.9828854206888229
0.9688637613746514
0.9556929157449201
0.983561895472607
0.9843999361050485
0.9850542863567107
0.18417226307492715
0.9781683885651633
0.9811558773281686
0.9904003388912856
0.9389562307733511
0.807470130519604
0.9404715940858407
0.9843823033942101
0.14767070463453985
0.2747767628854525
0.8922192863678082
0.9289027071773273
0.7416911528342369
0.840641593417976
0.9147934779425193
0.9749786243829416
0.6587651718227309
0.9087352061035683
0.0052781556224267565
0.8948814430448938
0.3565032301970911
0.8734800483480195
0.9542081948619242
0.5330898312463348
0.06477680726880025
0.9868657683772354
0.9601404279137821
0.9159569837235961
0.8295874548666186
0.9100749649645508
0.9064303654491224
0.8768377384588382
0.9495637627240243
0.8861163685620463
0.9548416121750435
0.881605774154044
0.9606329512898402
0.7488002423045617
0.88971046058983
0.8766787465673548
0.977073814808038
0.299742159033108
0.096517363681756
0.9560975197927741
0.7638352677944663
0.9359062081512236
0.7693403380914452
0.8754052359700948
0.525417104910092
