0.88527173253304
0.9379614657473807
0.9893815570053198
0.2872362982842749
0.9841100192222761
0.4676741756986807
0.04352076189992235
0.9876077490672531
0.9797335968719615
0.9807790317489691
0.9682088888392408
0.8347639473115237
0.9882015694062749
0.9588368413991085
0.9828487957204687
0.9820806768900947
0.22121538735489274
0.990465797630609
0.9845306741669044
0.12140113190053713
0.986036557244193
0.4315995620399825
0.10605791485225571
0.9616035101847493
0.9454776268597406
0.9829300381595604
0.8515230415019174
0.924537783474756
0.9201540578824381
0.4479141743844068
0.1293207622671564
0.2311041489609305
0.43792610363504747
0.21219100862056986
0.5198216069077244
0.3295886298951758
0.14074860872489248
0.979084591411053
0.7066248340138275
0.9661318107112443
0.9722587860369623
0.9839113791345577
0.9653326202424837
0.13127769905179507
0.18679893157689106
0.3829091459801656
0.951933543764352
0.6008751182463927
0.16168243296103876
0.12046401014450393
0.16730541186628378
0.9849016031713848
0.18072615888574298
0.9200173030878366
0.21549487953766513
0.07783770366580241
0.16925046185415496
0.99116345865501
0.38674010527587427
0.980022670271891
0.1703789656618105
0.21614544506048375
0.14343157660580524
0.2684755247001386
0.9874109109952401
0.12578995834538415
0.2129871668547893
0.2351828653827565
0.6607208072168872
0.10564598920191791
0.1696936196740257
0.9880522688910918
0.22318478135029185
0.2599361327230964
0.9030112555619779
0.049092018976816254
0.9871368946074709
0.2947812649253945
0.2802283236912199
0.333311516478194
0.4066566649049978
0.948368380307585
0.19846224649654162
0.051871109993701196
0.19612390673186023
0.19765268214410908
0.29719770712370175
0.0045418007812607466
0.00675616041364629
0.008922395227483488
0.3545678820497193
0.36929915800615026
0.402441824142187
0.3443170822424029
0.229841586613257
0.23330683271123204
0.18010825280888562
0.24127993257743408
0.2410601597395306
0.9679642650285349
0.24141778819225812
0.30368331750924293
0.2970370773506363
0.28607753625314614
0.2870748523774153
0.130556199439132
0.19600932119806772
0.14360027004462322
0.13473019236844766
0.14016041985385347
0.3227473890727147
0.11310287767742222
0.14090300915201948
0.10089296960159337
0.13202004605835765
0.14913304607296876
0.14286818520454045
0.36773957875262353
0.2567319334901126
0.3204137762838963
0.36007656071178906
0.41333683040337843
0.32427756223725385
0.4123526118316019
0.2119669197675377
0.33725067038707546
0.3354523909479297
0.35982978436842744
0.27691517476674476
0.14532253216171045
0.14585719686006843
0.1882913447180116
0.16703998628695882
0.07760959372478611
0.03378232355943251
0.396328618086145
0.20123008889661975
0.21537729563237776
0.2821621177471609
0.1215312366142159
0.14311938458310422
0.09646114468891423
0.22153516872305323
0.1022008226326979
0.008728665795069536
0.1860921567469243
0.2266322826685433
0.32738854524575334
0.9909551363976162
0.2269447685769672
0.33364467754746757
0.3728111446355919
0.25255509500712425
0.3339841310901418
0.6623440432348489
0.9852177110450364
0.40294148703891297
0.2961854892916577
0.5049216694410853
0.96708131506181
0.10507360165497732
0.9791889762036672
0.176884784850501
0.07371744118473833
0.16944744137063308
0.13535639697404603
0.14844638459679216
0.2126534899221217
0.23082826546539856
0.37345179103899073
0.40623889329536955
0.34599052548092457
0.0841880606413499
0.08000973725318106
0.18030954717324243
0.1215156827372153
0.2946526893411478
0.16334539867611786
0.16288733421964466
0.25642847038605004
0.16322066237102228
0.10861162469381838
0.15457008406521425
0.14715414315529765
0.30237772579498223
0.26123893943578236
0.08019680375192483
0.2865791424616181
0.3126347613333096
0.1075584481417303
0.14441650554721042
0.24676163789714442
0.2870071425057435
0.019209003366056642
0.02263455737590236
0.17385495013087873
0.10632065056087618
0.19706292945098192
0.19238225599791092
0.19287160648828997
0.1859334809701394
0.09229146025071876
0.38521610311355714
0.2368227119342843
0.18373133567189576
0.13202862703009813
0.25540704395533254
0.20974065985905074
0.18582927495308021
0.1520672956219149
0.10138744016755706
0.0044098734917213805
0.1745444189938169
0.1776177327202857
0.12681281563724509
0.1522727008373723
0.22286876484393753
0.12314472942766029
0.014877397046145104
0.2159722608346123
0.2765391848582617
0.2973336937676454
0.12173035141546858
