1.0
1.0
0.8751733190429475
0.7611606003349892
1.0
0.4008436038029661
1.0
1.0
1.0
1.0
1.0
0.2147795427007173
0.34786351577524227
0.08913765521398126
0.5984394315011633
0.7611606003349892
0.6985342056580097
1.0
0.5969491792019646
0.29059254080791846
1.0
0.7071067811865475
1.0
0.34572078464194106
0.668740304976422
0.7016879391277372
0.9764540896763105
1.0
0.691441569283882
0.4728708045015879
0.3381307292971254
0.5672254631483793
0.803060039599225
0.207243916316728
0.5725514718487138
0.6474572691600221
0.8633400213704505
0.13380161378318955
0.527245282552033
0.8286172592491633
0.6407117598241614
1.0
0.6552468586120134
0.8153551038173115
0.7387945788876367
0.8191692732318533
0.4828564188144145
0.5285846133060035
0.6467843638084008
0.7327989966317892
0.6850836912969523
0.710866788975034
0.5568544122775908
0.5445178846139404
0.6985342056580097
0.44550089394900333
0.1926491692920321
0.7598356856515925
0.5568544122775908
0.5366551979187751
0.6325846704849246
0.3207714281451772
0.32700290934087334
0.3933331795604054
0.5317997798300621
0.2554871174734965
0.5776011275017732
0.08965480644659578
0.3141808768186965
0.36082178276448545
0.7731524659730875
0.5774881608198695
0.3336290180726764
0.41024467415011867
0.3783848545653754
0.5064127215831256
0.5647101436664517
0.2745762486209681
0.8390623881636137
0.3251154895483439
0.6420825513670064
0.29771168489262667
0.27237593728146087
0.6004981752197522
0.5820616990869336
0.8752314251726737
0.5524115061661089
0.981643576691373
0.21279882820441612
0.4591497693322865
0.7298378378464025
0.3212752586558014
0.3968778993370861
0.4776823404170243
0.38367516963099174
0.6436045454907839
0.3322416142473138
0.3183587966603514
0.30915029263053556
0.7310566907434094
0.6101017681705354
0.3334657398473605
0.7856539148251599
0.3980427183174024
0.5241354604116587
0.4634839719058401
0.5924947713271327
0.6309548504725714
0.28187757546607595
0.37023583607223576
0.8345725239153932
0.5210981335800641
0.1746372791137397
0.4386971270490467
0.17615181153375553
0.5617404253204502
0.6733187455351302
0.8458343900467143
0.3144949459202295
0.37392149096896676
0.7170463662269501
0.4619007456424659
0.14035075056632426
0.618884085344744
0.4264353238558442
0.3191311450845024
0.5303541459238726
0.4732685150885916
0.2896216798869367
0.5609976087184126
0.4146329419117297
0.65273233518495
0.5681051693575849
0.15080843018752174
0.352738103364239
0.5976836875100756
0.7264444538040294
0.13237460132858728
0.32115001265196513
0.4604498634239433
0.6222429482688193
0.47398915529472985
0.762003104055785
0.5016287821238211
0.6484729242853398
0.8747394842931362
0.45612059726810594
0.4769189467692589
0.15727800941615355
0.18295654224495206
0.13065113298388567
0.04065425428798724
0.3710657122133102
0.7080735452207036
0.33932513407933634
0.4832697830906221
0.05399016724210816
0.20164945583740662
0.03737437943747671
0.392814650900513
0.053001566897562975
0.08808424865565326
0.09425159511373678
0.2677353447271197
0.07575731225158963
0.22308576866161578
0.030272532566104682
0.06976059189487864
0.017574239156849032
0.09846107951428584
0.11451997463067552
0.030379937028521833
0.03929719340755301
0.06468490584192432
0.10413029177416923
0.08528733595636034
0.42794691107478805
0.14184397836567755
0.09030786730572468
0.04958980312274413
0.30474856970276787
0.061036956990381676
0.07691156732422094
0.10226475084730065
0.057731030570289193
0.01374892767419007
0.028827505238626313
0.03522208809549655
0.15445790836241113
0.04350111698509567
0.06243278810191723
0.03758285508255833
0.05165604006110217
0.188665043218569
0.11465402610048528
0.07367445336559726
0.061610711090116524
0.0733744540602178
0.029518250928744508
0.0558560572056089
0.028310852916881263
0.10259450221621969
0.029374336289654013
0.03928707873293702
0.07946357815712818
0.12235026485084148
0.2754418685614952
0.04158219984994796
0.028310852916881263
0.07951007961861958
0.1590767153877501
0.11377833938687282
0.06363986677700276
0.04144695374838026
0.1954251878985873
0.17568039488758988
0.08362168056726284
0.09199088342280239
0.10490489179819187
0.17569715736846692
0.11808722204855364
0.023618996107276084
0.021264709988820723
