1.0
0.7071067811865475
0.48633831680799433
0.5137480412538583
0.4417918226831577
1.0
1.0
0.052096969065434415
0.48109772909788073
1.0
0.4463236137853328
0.5156626918239822
0.38921254277570083
0.29071536848410967
0.6074228352857656
0.6780814773941114
0.1558010570411745
1.0
1.0
0.2705411345269699
0.3258798048281462
1.0
1.0
0.5081327481546147
0.668740304976422
0.40352786374639904
0.5885087429027821
1.0
0.21364350319811704
0.5946035575013605
0.6422727797927412
0.5388058943574727
0.7291990294988594
0.1381132316488928
0.15936357366603357
0.13910732727119135
0.32466791547509893
0.12158457920199857
0.09249551132769925
0.8286172592491633
0.5397323593778651
1.0
0.17399169390275313
0.49709153604141193
0.6527196653219786
0.8739351325046805
0.4828564188144145
0.49164116585821666
0.25117527162201886
0.9200444146293233
0.5142401605028263
0.1198091452856599
0.3934476914263935
0.11950544412264065
0.6985342056580097
0.44550089394900333
0.03759098586913923
0.7598356856515925
0.46234979191510694
0.6432188699036832
0.7101158913184162
0.25567957494892185
0.06461371273481241
0.4905867907682777
0.6258489391228109
0.27571859863660825
0.37111671758050996
0.3204015073893223
0.3393818631850679
0.49621529679516324
0.5795815577110208
0.4026017631538908
0.29552407986126367
0.5936781016890557
0.7840842527642332
0.5246569403573564
0.5033729410146525
0.4135171000263379
0.5517168586540938
0.07408590762781679
0.5568789328428436
0.6422727797927412
0.32774568052975916
0.5400990577369642
0.21370288986214206
0.8199776825057591
0.8191692732318533
0.4903047069202663
0.1620279545717703
0.11551628810297963
0.3171094709345114
0.5474320247299606
0.6340466277046861
0.5246837953108363
0.47328443059069547
0.6425969464465214
0.16748360288791037
0.2102069171299801
0.23703883177357252
0.2785481825766967
0.82066080152207
0.4013786550577509
0.8062889278361568
0.34829350199942344
0.5484498092204758
0.4304386197638752
0.5098378490156623
0.23239847393542165
0.2716936982792709
0.6202666411813166
0.680522693900729
0.5762507754742339
0.12463462074741549
0.2843162233601584
0.172681629186964
0.3687398099641299
0.6045149685919631
0.8478451876957773
0.13471766853689124
0.13264759167412227
0.8120597556215758
0.39980547962017043
0.21364588121722042
0.23751179252533117
0.2537710754125116
0.39872946099443257
0.6362776239466872
0.5346264378092876
0.45086491484035746
0.49193720685775777
0.30575688093263587
0.5011419067606936
0.6535959553468949
0.05958359267137056
0.17400446794038266
0.5522027108670324
0.6753553879184077
0.2070296079089594
0.1647103676624015
0.28188148723639883
0.6671666900259712
0.624145576865935
0.4248438557660579
0.8365435404115038
0.6425736646779205
0.701229478754418
0.4408107428360247
0.5061671590030415
0.30213753973567675
0.04521356896113448
0.09442944296079735
0.049900497019368314
0.048585141716065296
0.5828233954152654
0.05630400552901077
0.04368583925857939
0.04515183688171632
0.049900497019368314
0.049900497019368314
0.09911450612811139
0.05522397783539469
0.06050259138270144
0.04996872151825359
0.026737051824471045
0.0681798399296771
0.023595365419339504
0.0367352656298894
0.1804966158344719
0.3281829856080946
0.03600104948631532
0.06742555929751845
0.04521356896113448
0.04540013809283726
0.03221515452693473
0.01986187255377946
0.30576902884505114
0.29684148026442253
0.021001373276485245
0.02646299128156492
0.0409570380667349
0.1091278520218771
0.05837542914603118
0.010840810451939804
0.010074736594413143
0.035873056871337995
0.14296145628396553
0.030714691420406
0.07808676176463572
0.10939592175380938
0.07922250668634466
0.11075032452559894
0.01463356346981294
0.02360926901454313
0.11128222688265356
0.028504516024421642
0.04807547001959651
0.019474533694183407
0.007584505111947414
0.011739715117337747
0.019995903373883274
0.010865158262628573
0.10541567761411251
0.016173921442272456
0.029711939746553905
0.1115615887254721
0.0793932597587198
0.04626958994036548
0.0352975211404267
0.006590051608914278
0.12377099158830186
0.15008943241466186
0.017959970225525847
0.09472106543363554
0.08345153641807142
0.02219873458950794
0.018960254656209267
0.0036483398300237845
0.03890531292833293
0.19367943681771346
0.009731637876027027
0.04389951910012476
0.10753287939285457
0.03712934101015683
