0.6690484408935986
0.16372269667038256
0.646622768701772
0.5337615957982504
1.0
0.6586908942099848
1.0
0.07208393585152544
1.0
0.6434588841607617
0.46595384151899627
0.2781416624777593
0.09568802664841454
0.6606328636027614
0.44534504264163466
0.6780814773941114
0.1716472619922598
1.0
0.5969491792019646
0.6434588841607617
0.3258798048281462
0.3867706276352344
0.6315552371794037
0.537284965911771
0.668740304976422
0.5116256419057634
0.7063486135430559
1.0
0.21364350319811704
0.5946035575013605
0.5312583871630396
0.7074143763487578
0.8474135482900416
0.2833194769472992
0.4074362040846933
0.25153803595170526
0.7186082239261684
0.13674406678232567
0.8833093493487348
0.8286172592491633
0.5423782837718303
1.0
0.16050812947293933
0.2588173346314121
0.5807746658893396
0.7483293841345244
0.4828564188144145
0.49164116585821666
0.5863954417655859
1.0
0.6991753575083305
0.38312604050508564
0.8371170098777919
0.5292031904718659
0.47094777718650466
0.45573577960653283
0.06570831846469041
0.9234732618882052
0.6783686168526631
0.23801761257033807
0.5802741565416704
0.2555712284700666
0.06461371273481241
0.3831079904852088
0.7117345100103962
0.32487115057647686
0.3551857479206396
0.17884170871942281
0.5179749779026286
0.30573225166648804
0.652270376291316
0.5715229050240092
0.21795354508098932
0.21453111476130002
0.3411291380788085
0.5009353030620611
0.3070765737975589
0.3814165616365676
0.8565078583819589
0.27886417648527806
0.3849742634318482
0.8464664704610757
0.16515821590069035
0.5400990577369642
0.35952902857522767
0.7860402823463913
0.7061595846869692
0.7065669751910781
0.7483293841345244
0.6004981752197522
0.750693572887501
0.48701485015984025
0.4768018901620029
0.4887164517296947
0.3296973557324012
0.3579141280308305
0.4072996456576153
0.5193563663297007
0.3374906693538678
0.4341778501276823
0.343056262418494
0.19500864661755693
0.6190528503990878
0.33336188872931105
0.4813250096120156
0.11880509436980435
0.4063798282013442
0.4348410981624602
0.4462466547039539
0.5087073745785877
0.6398483553581358
0.4604061366599648
0.14500295402700938
0.38147278375044696
0.20546838636890874
0.3646991282331704
0.533681960027454
0.5847192157074633
0.33723024644359845
0.3584668928097086
0.5661014684452426
0.41463021130587496
0.25603024752798914
0.45508704375633297
0.34661807696896585
0.4612979258113523
0.5005388957262938
0.6561017864232807
0.2160252834821679
0.3026565453571514
0.34677351063240636
0.6152370675642947
0.4821201647803578
0.12480006420394119
0.24266561033289247
0.4983938458513838
0.7031736421907386
0.19678744526089034
0.4640946273034442
0.5027280805707026
0.4410196979931208
0.45604850444077577
0.44401281983778257
0.37496820279947324
0.5138184390121497
0.7055645543810035
0.3108627823200482
0.5785520283520859
1.0
0.1111345865531273
0.07768562846380175
0.11415938068117504
0.3198048439256343
0.521873921269267
0.474954953300978
0.7016879391277372
0.09027235033938245
0.19199242796476848
0.29059254080791846
0.19505632433269743
0.1279474029835104
0.3873479811032991
0.12869637315183774
0.18890330138750394
0.4920274515385508
0.1367919212312189
0.4017682558797497
0.6234696632612694
0.21418097537736247
0.2192534486373552
0.2521193618434983
0.2691109110344472
0.20706193828327604
0.2911892337378932
0.09179459900716049
0.5142401605028263
0.6272517339014033
0.1342239803876126
0.11794157328593284
0.6992922471483762
0.7805234347257153
0.1367919212312189
0.042716248754864704
0.07249238273821855
0.10929494738459197
0.12306967840763297
0.08181312408965231
0.25080710600578854
0.3132471394915343
0.10593025432008332
0.4512727516846312
0.17643833332706013
0.06079579085527916
0.1720383752670459
0.16935896859715954
0.33422934827955275
0.31107972814824386
0.07048631249523059
0.06275994946905451
0.0687621333238951
0.14988659381618122
0.2461351840762152
0.16116057036713763
0.21451278268552823
0.22500095738124412
0.3130019358837452
0.36112311863677105
0.3468828876983878
0.14093875795003935
0.2563929719705636
0.3434216563651514
0.29166980826665706
0.04487641600632094
0.19226973601038844
0.2628239930944948
0.06133939182746921
0.032032375683353126
0.24285801911354946
0.2575704254145021
0.37911736761133347
0.11793601011931917
0.05023076320278877
0.08497582648014525
