0.6690484408935986
0.5410822690539396
0.6766868982014199
0.5731224484094262
0.4417918226831577
0.3182683495906518
0.4301606518769335
0.1203921753741131
0.6080253214198359
1.0
0.8668778997501817
0.5156626918239822
0.3468626146171917
0.09820366272512825
0.5984394315011633
0.3290723849852452
0.25098621243978964
1.0
1.0
0.1199014838091355
0.3258798048281462
0.12605968092174913
1.0
0.08295193507109859
0.668740304976422
0.36191740494054153
0.7881929718099911
0.06567274736060397
0.2380058274622002
0.5946035575013605
0.8320381765431424
0.7643838122940672
0.7291990294988594
0.1680157757367927
0.11525449313283317
0.23129059959730996
1.0
0.13380161378318955
0.857017921952269
0.6559826556429192
0.5333124347036652
1.0
0.1618257510988627
0.28117066259517454
0.5821968472688946
0.9009325445966684
0.37183062408748657
0.19128728442228235
0.3850322886878713
0.5266403878479265
0.46068944149360136
0.2790159393585827
0.061024055573984236
0.37239098949398236
0.5625381200849291
0.5737074989070577
0.03759098586913923
1.0
0.44174877616247765
0.6432188699036832
0.7519770989692561
0.3800429186757679
0.23248275362547352
0.5683994747797008
0.7412891374350541
0.3377465865005291
0.37715311518060907
0.25627817557984
0.29108736587772466
0.16243843825116008
0.7159692505124967
0.5405502769372112
0.2987246194038839
0.13188024907701928
0.6700524205827096
0.38406543300488655
0.08820313057961394
0.38643980380526444
0.5515331790252637
0.21376475807710613
0.18177063522597298
0.12660422785462305
0.12192500189702374
0.098628207564369
0.38742584026257987
0.9306757101384977
0.6651557976544797
0.4684580982108429
0.49746888340467926
0.45432748053331434
0.3911568672753959
0.5989972720741737
0.515512075324356
0.18405221015153805
0.31520229996925697
0.2937941452681356
0.1798210173908582
0.34438334841536133
0.5205987913784607
0.44508660590655624
0.3320898300181349
0.271910468299786
0.5955236781873752
0.4824596045788106
0.47153022928313143
0.5040673596100225
0.46657819484415863
0.5050670581742859
0.3840310853072867
0.4637586307240637
0.8464618838623736
0.6850940335096247
0.20870371467330825
0.5504300064391151
0.17615181153375553
0.361765481053986
0.6433175422776263
0.8782941798122187
0.09959444865613072
0.19554016376461797
0.5664260376852387
0.5325415518201161
0.14179043380612977
0.29906271972271126
0.35646385350929427
0.338322685508011
0.47700184407391727
0.6633647465383198
0.09557371276260701
0.49193720685775777
0.2859348571282734
0.49852287898736825
0.6578426854256028
0.30443851098296104
0.15658555631153465
0.389952422737797
0.14635786490292246
0.08474329830602584
0.18500106673769381
0.5246365581928268
0.3134706922283097
0.6315072360852686
0.5465278077832082
0.7383878515508329
0.36907134002741787
0.6758091444492427
0.4263879548311803
0.5079551315915373
0.7506238537503395
0.6234181304540135
0.11016798394984659
0.10252286118120933
0.16342028601453207
0.5828233954152654
0.45936133207830593
0.24925832743644716
0.09548450962056532
0.4835447404743731
0.3655552228545123
0.18575057999133598
0.7825422900366437
0.2907153684841096
1.0
0.17725925674502374
0.13834368456410945
0.020713086089726288
0.06880370707988932
0.11154876603882444
0.3281829856080946
0.284955776032203
0.21188545090327654
0.37150115998267197
0.8370478180757481
0.6658130312153507
0.16144228427305268
0.08523278832198826
0.2671726005525011
0.29694551474502373
0.16278735706500963
0.0827799356994278
0.10248244771546686
0.03234245292096217
0.2066736214472914
0.25312245791949683
0.14697432592010784
0.08896962872669695
0.3005985378951427
0.05138397895702469
0.08560693512989545
0.11379288211086455
0.06304938218861472
0.34279879546962005
0.04678165240801187
0.32355573440838753
0.01694775411481655
0.0812591978203351
0.00572619575460528
0.32809192207900156
0.14027132471285256
0.2503955135641583
0.19956266527523972
0.12602411116919757
0.12794883017062664
0.1795782617347238
0.21480804014515079
0.21647327422980428
0.016919680804051193
0.4196137863296609
0.14360689687357708
0.025667972333158776
0.1688240001994147
0.1598173478217046
0.07088976353917038
0.058230491692640766
0.012668310589065097
0.09804367158125073
0.3253618025604423
0.08512009870560243
0.15946633793805315
0.032275766483890536
0.3713719556505458
0.23462825598816128
0.19449030885766957
