0.20958712452883566
1.0
0.343763879968285
0
0.16515821590069038
0.12337170820562471
0.3973010802644724
0.3462779310386343
0.4412484512922977
0.40936537653899097
0.38827267775222324
0.3217294420803809
0.22006396709435144
0.20252884954471367
0.26331153487510545
0.6780814773941114
0
0.21341568174752815
0.3073940764756322
0
0.5425486407251953
0.5911602603314157
0.1474341205953811
0.5231223689135341
0.28932539430644016
0.355310106137518
0.4020406190534619
0.21341568174752815
0.33516002301781966
0.5115078115793242
0.7031391160212186
0.5642761727828352
0.38798785291989557
0.06771086027360355
0.579846591853672
0.21457092748493925
0.47750342648354643
0.1574999650043623
0.791259284873139
0.6559826556429192
0.4617366309441026
0.7331663465020968
0.200137394907087
0.3257566281011688
0.4527471870952893
0.626490331607617
0.3009412863481399
0.13229147212652598
0.3827673535697134
0.6420524082455379
0.34572078464194106
0.09761739612102296
0.06786378074904235
0.08723697147876526
0.5381607389335188
0.4390304885323691
0.17470086168216964
0.5801559414528517
0.2704281334506155
0.48408860888569566
0.4632552385922029
0.22179693223514207
0.18951629567590741
0.27303362914970813
0.30488795526786305
0.30277029197532096
0.2572149721088003
0.12216492697836794
0.2481322388378999
0.3576387167205858
0.19084283595995183
0.30712529162226204
0.38747115728128234
0.35193437673712274
0.29725710017835627
0.36318467284044
0.31488997204908004
0.5965499126842995
0.3145515303952829
0.22985562284539826
0.3978997376805158
0.11522903297302337
0.10061312147760865
0.17729842264695017
0.3793421080640612
0.4827818775892252
0.8073381617363748
0.3422803488747217
0.5112490342159147
0.26621053165489283
0.7298378378464025
0.584982760152426
0.2695533693335636
0.47868044383493014
0.4774755523840472
0.4909776508756086
0.5526988225481624
0.3402587896654471
0.18589235528439438
0.41903009000161906
0.4625346698611264
0.20465130103285473
0.5830778183898166
0.13452955766525895
0.08880154003979682
0.08192314877072898
0.536001121693893
0.43108672298095746
0.33132108160192547
0.2886903238098902
0.38620204879229336
0.2999336111785083
0.15048435361489218
0.384425743983195
0.24827068668255506
0.29398657933854233
0.6742708196670307
0.3397156419249084
0.37885880141035255
0.07405299968637889
0.36416260621786667
0.3280615803475413
0.23641037945340365
0.23191980418109123
0.3272626347359449
0.24637586480497217
0.41543800534385167
0.375065643053207
0.48549995939498153
0.382489293157513
0.5105100740906838
0.495661639668156
0.3435632993914582
0.4971063297950964
0.17200673466668953
0.3510095207236574
0.20064835797942462
0.12064331421131709
0.4026017631538908
0.4846066687031588
0.3652968649577171
0.46613232895147183
0.177385636111571
0.5246531787813976
0.3216697796870732
0.46620587203169334
0.3625678653859269
0.44220205222735554
1.0
0
0
0
0
0.18168644632623687
0.4379518644116554
0.19505632433269743
0.08208611846457008
0
0
0.20958712452883566
0
0.5341735956899847
0
0.1690653646485627
0.45788313721339824
0.31553655365257355
0.2033038389239877
0.4188216850419828
0.19156928817239646
0
0.22811360354329613
0.29108321231768425
0
0
0
0.14498922073576034
0.12241977696855179
0
0.3365298726644178
0.4254929581169285
0.6836013949954282
0.19692104496063725
0
0
0.038810150592173784
0.07103279583021845
0.05251935081834491
0.01583860840480955
0.10170139230422684
0.18690183721524986
0.23351496036923222
0
0.11126986567815846
0.15560516472226857
0.16286756862932988
0.3528903487270328
0.1653776995249181
0.007893360458969689
0
0
0
0.36259672838536616
0.04315930926145258
0.06922505455782778
0.19464521962073486
0.2440271859817906
0.3273642240017127
0.016981236610987663
0
0.21551879664556495
0.3232720419739855
0.08839550609756228
0.14746552084181086
0.3408505891882235
0.32790141929548994
0.1373780762067417
0
0.3972228319875926
0.3828477335308388
0.31904607666336604
0
0.02989501072722226
0.03308426786106404
