0.6690484408935986
0.43167001068522526
0.30661487102926754
0.4250281413416978
0.4417918226831577
0.34606432547346117
0.7321515517382639
0.38975749519739833
1.0
0.092875289995668
0.46595384151899627
0.2781416624777593
0.1640212036255557
0.2705411345269699
0.6144118374261939
0.9200444146293233
0.16324855143140263
1.0
1.0
0.2274970702024019
0.5425486407251953
0.3549481056010053
1.0
0.5231223689135341
0.785629301801026
0.4088064519392259
0.7063486135430559
1.0
0.1913014708139224
1.0
0.45069082245075975
0.528009845519619
0.26497315578752273
0.05555408824748196
0.7470142947911855
0.3920905655164667
0.32649710286280526
0.0926065970286065
0.8241876841721616
0.4738611152748619
0.49945443252172445
0.605543865104477
0.10352664426876096
0.6606328636027614
0.5071960939456881
0.8191692732318533
0.2714744280573553
0.4102847866453379
0.23693055763743093
0.33713540983351536
0.5344445934790545
0.2745502433880562
0.6668954865619205
0.24207623565173003
0.4347208719449914
0.5737074989070577
0.19054405075714242
0.44219732271776674
0.1582128588834926
0.6432188699036832
0.2868708266227936
0.26961180207181357
0.1050359409903559
0.4699739598002697
0.4049769275907829
0.2864284647416117
0.21117682106183575
0.32308910863614404
0.1798819375214524
0.12005239408168633
0.5155584764947907
0.4849576058746578
0.10163075426257948
0.23544938282923716
0.31511637009550036
0.5010940465928306
0.49855965499891564
0.47207580389427084
0.44167377542541114
0.25920528985427715
0.10166724095023942
0.38503228868787126
0.08359764098433711
0.21063357946200129
0.19040700845445938
0.4622787126182165
0.6268593335004974
0.6235430641252714
0.3899499205807209
0.6111102921060977
0.4591497693322865
0.23823321885626605
0.13673863407073664
0.5129595240311313
0.37714037954504065
0.4150648142700068
0.142618739260257
0.3205435411728199
0.16790282670587003
0.35154918713109623
0.12215689924510274
0.33459343819025317
0.35038598493665085
0.2587413646084136
0.1558575142688342
0.20941721001145927
0.27659333772326383
0.3451248550234681
0.29466263622671696
0.44028709048608383
0.34407650432811465
0.15664391699766683
0.11391856953132565
0.2523904425292357
0.19774969598220224
0.2729532044126248
0.749634235443537
0.5002411063086692
0.3977082247373632
0.12286996020967837
0.3446334191086211
0.28263442144646705
0.0773497909535707
0.26522982004590145
0.21784034367991997
0.35326651138215576
0.2137169601145342
0.41420441541818714
0.20080809726521387
0.3220949022680017
0.157898492759163
0.4071336594814822
0.3572911245760872
0.14782064491589642
0.2681801643957751
0.2906344555028709
0.12630538213925485
0.18605858500301395
0.3238588067415913
0.2698586700763024
0.3902851429850019
0.3975712554956084
0.13406894277727596
0.4498285971701263
0.3119642269169512
0.6239210943472274
0.2902777316620453
0.25580538661185803
1.0
0.5706745777055999
0.09864703138979419
0.09864703138979419
0.12109013026441869
0.710866788975034
0.33277145517762347
0.5341735956899847
0.17563828119631336
0.08516593018819643
0.09238430210261096
0.49616830003403634
0.3636227046500071
0.6529942057256104
0.4832697830906221
0.30277029197532096
0.5316967153331754
0.1370986144882289
0.25336549464486463
0.44219732271776674
0.2192534486373552
0.1698619749062629
0.13380161378318955
0.12151974811408736
0.2533654946448647
0.22229849552064015
0.14296145628396553
0.10074708078532289
0.23275118953744547
0.14962848372546667
0.16116738085710647
0.32936962294877853
0.509122491874946
0.15014331039484863
0.07742636410962779
0.182358805308955
0.08905296375949616
0.06504934226542457
0.21758801473566752
0.1290288422410798
0.11354550855020576
0.12673718536830808
0.18474096450972866
0.0899048822304192
0.06481236440245941
0.2623572676950778
0.2053471463644057
0.15917078768528098
0.0526162709000144
0.09060229184435854
0.053055146162733276
0.1007484688575213
0.05609745920547302
0.19071724675011678
0.1030779517739492
0.08228702412750687
0.04566826891072774
0.1778194306464649
0.1351522869114232
0.18134225696468614
0.05034792935603433
0.17211856106160253
0.08757605728790077
0.09975648968250406
0.14356222678617261
0.1375456242501007
0.12161953902208814
0.1085539001160551
0.055741922839442425
0.32000331642122953
0.16379993724320388
0.29812545569501425
0.06700058935073874
0.08761666883446599
0.2150000380281418
