0.8948393168143697
0.7071067811865476
0.710866788975034
0.4213952948452608
0.13179856905786336
0.212838873169595
1.0
0.08498002895756986
0.8824969025845955
0.21444097124017672
0.4463236137853328
0.3217294420803809
0.20189651799465538
0.17030578356760864
0.18563688094442687
0.4793941561908407
0.25848657697858524
0.09930283522141849
0.3215935109119012
0.30181535155045447
0.6065306597126334
0.09911450612811139
0.7071067811865475
0.18393972058572117
0.7189393375176814
0.35967055505504447
0.585562237327723
1.0
0.4728708045015879
0.33437015248821106
0.2797803653491597
0.3471369458292832
0.7568794904102444
0.1557056145086628
0.3143882918965084
0.4002916772576474
0.18370727471078335
0.11177546548146051
0.8390681881006294
0.6413865258981679
0.579558149889942
1.0
0.22642315108092934
0.5801559414528517
0.7653621274462215
0.7137995686929399
0.3466577127095519
0.5285846133060035
0.435949382480739
1.0
0.5398995684986874
0.587728372510532
0.5527503248251051
0.5090187720040571
0.6577160909911662
0.4398866289811028
0.2188773554286534
0.6515835084211272
0.6214030503606607
0.6865890479690392
0.42473083783161675
0.32513666868205543
0.30749416545832586
0.287680479999743
0.6080494182321154
0.395671672945243
0.37218785772300306
0.2449955814499913
0.48031242975796307
0.3705945502835877
0.7477195097880767
0.6831019416080526
0.3302802822597395
0.2895011090855968
0.473968384351404
0.576352252893107
0.375966460631389
0.44500506580862076
0.6158787442830632
0.23002725116422648
0.10498974586982927
0.2574526462394602
0.46324806402157587
0.6189972173571918
0.46968852767155633
0.5654527896684494
0.3151638593842583
0.5982133796726673
0.18390208557742393
0.45957120141363245
0.4775353001948317
0.5538361200411884
0.18067530058738923
0.5805800086508494
0.3827529650041722
0.5043921824089643
0.5509639460076209
0.3888925663834436
0.5774252740978906
0.5738669728623909
0.5847565012088742
0.34400182506338783
0.7637953595021038
0.5700013599107832
0.4112926962055402
0.6022774485691837
0.44033133386391016
0.31139271306826355
0.48824795628746276
0.4207574174357823
0.7891551118764184
0.38267735028499916
0.1531305080006172
0.37034509107704633
0.501871402952345
0.49133614479446164
0.8471957049969466
0.7324297385731382
0.37070251520758607
0.17923344640485428
0.5170854277215292
0.6780740297198934
0.331814461734404
0.5169923331526303
0.33307662668678184
0.49340134180287176
0.6078224903559278
0.6158061036041389
0.41907617358976007
0.39949572246570036
0.24943150909185227
0.45116917386576594
0.3431751296340523
0.25355996060892977
0.3025715034740723
0.24083706307341235
0.25811119704443614
0.2763015022178647
0.1941456261447247
0.5894267313378027
0.46247957241473453
0.4520471576320377
0.2522490983416428
0.5266992407689506
0.37586103138191135
0.646768574138232
0.35285172871565
0.4180916182099494
0.8824969025845955
0.473364131565402
0.10229197414177782
0.12411264901419444
0.13976396370981378
0.5024843709479019
0.29640095400745814
0.1571901051328651
0.16801577573679274
0.10884828438236639
0.17030578356760864
0.4630777161991027
0.4491846617388952
0.2041528032072645
0.18168644632623687
0.23734497614202335
0.375022891676693
0.20501024608209106
0.1586360939345259
0.3291598889023262
0.18527972555830952
0.16140045349861962
0.40329790403740456
0.24088562704853508
0.18360281349467958
0.13264496309003723
0.027273368074038455
0.3613284405728026
0.4539996117475735
0.031085510465301072
0.1057079747491276
0.4846525433812159
0.5124948027029125
0.1798693519709397
0.03841386036504038
0.03174325157238171
0.12401006001680986
0.09846107951428584
0.11619264673588321
0.25288646429352823
0.26919623997578995
0.08339775806898658
0.14110727123486777
0.0435162177001629
0.08383924775392589
0.09129528804488168
0.09457027271468217
0.1767874865365185
0.20365642689242278
0.029027839612281444
0.024290971951553716
0.08512009870560243
0.11500204700163927
0.4166298388806785
0.11962420817857651
0.07132482595301583
0.21496419037514508
0.2958653201828328
0.3096097437472754
0.18847288686610142
0.10422436185684456
0.1814347191351369
0.3679279894809515
0.07162250879517439
0.22512191592330602
0.15580338091381457
0.24544133650973998
0.1778773719860124
0.02236448533562528
0.35592474790742606
0.11250687347154276
0.33422774956454054
0.04085569147533674
0.08791829942036031
0.09881511482966875
