0.20958712452883566
0.14058533129758727
0.798305016505597
0.532422158401508
1.0
0.8337529180751805
0.8689646837686211
0.10343690622931698
1.0
0.08257910795034516
0.46595384151899627
0.28735393225859474
0.07687847996206941
0.20547995616750764
0.6831579242909531
0.3572281085191041
0.44833867003844585
1.0
1.0
0.12549310621989482
1.0
0.2090067144241744
0.28491818877221364
0.32466791547509893
0.5923033072023249
0.7321100278127648
0.6191566827062979
0.5410822690539396
0.5115078115793242
0.5169731539571706
0.4402004976281391
0.3876683604691331
0.736999059077737
0.20915990037763144
0.8055344092731546
0.5201338802135471
0.1902901500837473
0.12982679446701692
0.6847275066667686
0.479676449968321
0.31712141793768883
0.5561266550108377
0.06632379583706112
0.2588173346314121
0.15464260451973763
0.7526098030180586
0.411510977203093
0.23683075175361493
0.1712473044894657
0.6634037057178913
0.39920397615494657
0.6156286979590512
0.33599730590055277
0.20803758261089228
0.28574404296988
0.4988451746887965
0.3553152808699315
0.7487052499824418
0.34329452398451965
0.1743703854231245
0.4395285386678049
0.29407326798570993
0.36917916399395617
0.36968769635248216
0.31573558123189943
0.41722614486115056
0.1792258144743632
0.2627645857236907
0.6435633841859948
0.2854206511275466
0.7218815652319946
0.448298404317079
0.2948186366410974
0.3263767529942787
0.42311785416105785
0.3581188126757918
0.2691149736071076
0.20870371467330825
0.23399485663908418
0.26380647520822076
0.4161791450287817
0.25376192011638
0.23758597346269164
0.2268309439466814
0.4132836363307403
0.3355023351018008
0.484331687499726
0.2239521374625909
0.12673718536830808
0.4154794556635241
0.33894814745795493
0.4485753689199733
0.3439974598868954
0.470324097621559
0.3340095673066951
0.5159349341946653
0.23959526310957957
0.14919602917596575
0.38071556953314417
0.4404233475213955
0.24763766689901326
0.2959583524750387
0.46554668337342964
0.4303331077636851
0.1624230788019908
0.11033865523442747
0.19188359487009182
0.12194075157170138
0.31657844678926195
0.39291963945750125
0.44751223579691907
0.29834398826466246
0.15815783405728007
0.4199595251131682
0.2059172461917966
0.39219756362395836
0.23249999518652367
0.5114222184817232
0.24673947096364
0.16352670859125376
0.3770547633159088
0.33757110683204594
0.36704607638598574
0.3267685932738929
0.30201051110145
0.4623405264033401
0.4760720683049806
0.5009717898690579
0.42061901741533986
0.16550962648863454
0.4274292133157349
0.3578830837982554
0.23693055763743098
0.254645104283053
0.3056019775338324
0.20144702709243673
0.34243899566070984
0.10629480219240392
0.27233170963734965
0.4258295705487202
0.27723137820168775
0.4149083541804163
0.23227895431379111
0.1646740825602667
0.2012475214976187
0.3338980625502127
0.25578617817207977
0.47489420743938854
0.5555238068023582
1.0
0.3945881255591767
0.10252286118120933
0.31105042156452656
0.3521856535823236
0.474954953300978
0.7016879391277372
0.38875142041440197
0.3258798048281462
0.4347208719449914
0.4630777161991027
0.7825422900366437
1.0
0.4888290318657942
0.2810335395782485
0.329340597116918
0.602867050301643
0.3237722713145643
0.19223240570360833
0.5307074109851435
0.2529920735938594
0.3237722713145643
0.17615445158687273
0.8370478180757481
0.6658130312153507
0.08968622051963912
0.28187801576296445
0.6349495142258627
0.13829483667905937
0.41488865152565224
0.670003276239299
0.5908871032231056
0.24264382743890414
0.10242905597878765
0.06071283969534308
0.20287366424876008
0.12558545241964886
0.08487192116715599
0.23364588401488293
0.6576092928889222
0.09880782578056983
0.4512727516846312
0.14171562039462182
0.10086853619665545
0.35089230827185325
0.3012779293973128
0.43893375607405705
0.22606122708089996
0.15207675084487068
0.0937802887067394
0.130697570216376
0.24720109346452496
0.15678257247626373
0.09702363813750003
0.1869922208453034
0.28290878466810077
0.4254173408548244
0.4226392573559927
0.21019483482728407
0.15786001483508064
0.2066300761853841
0.38365567641768705
0.16176255162593609
0.15953501623260602
0.2918459781339896
0.3215859729512527
0.22759452804262284
0.1637725283612855
0.37716575571858024
0.32867748104774397
0.20760863645763655
0.09880452424666006
0.09071282553962183
0.13410639648320277
