0.48415247130346006
0.19729406277958836
0.7197795533614759
0
0.1004916995660316
0
0.7739321540474097
0.14322841552774657
0.4792365811426396
0.046192151051305474
0.5266403878479265
0.6729864884660303
0.0983748990557782
0.07129384882260374
0.36821398145189993
0.7611606003349892
0
0.36889397323344053
0.1510687698678384
0
0.3419177649965185
0
0.6315552371794037
0.08913765521398126
0.34074197129676587
0.5316967153331754
0.7203294535577252
0.2722589423069702
0.2193456688254154
0
0
0
0
0
0.33894814745795493
0
0.1967274688523915
0.08160320866640122
0.6909633765335881
0.34079093551290196
0.6431058201682329
0.6848075777090852
0.20313747122261766
0
0
0.5110598907726444
0.3817666460451127
0.425143650778693
0
0
0
0.46595384151899627
0
0.36821398145189993
0
0
0
0.44219732271776674
0
0.8153551038173115
0
0
0
0
0.28572802657788227
0
0
0
0.29579846078012384
0
0.5053416593751259
0.5512851684268455
0
0
0.4969833768917055
0
0.48730198659275553
0
0
0
0
0.597735737060173
0
0
0
0
0
0
0
0
0
0
0
0
0
0
0
0
0
0.35154918713109623
0
0.13348747064797
0
0
0
0
0
0
0
0
0
0
0
0
0
0
0
0
0
0
0
0
0
0
0
0
0
0
0
0
0
0
0
0
0
0
0
0.4843611964015678
0
0
0
0
0
0
0
0
0
0
0.3613284405728026
0
0
0
0
0
0.284955776032203
0.5833510584342544
0.09030367376343264
0
0
0.37407225566230956
0
0.2978201796359045
0
0
0
0
0
0
0
0
0
0
0
0
0
0
0
0
0
0
0
0
0
0
0
0
0
0
0
0
0
0
0
0
0
0
0
0
0
0
0
0
0
0
0
0
0
0
0
0
0
0
0
0
0
0
0
0
0
0
0
0
0
