1.0
1.0
1.0
1.0
1.0
1.0
1.0
1.0
1.0
1.0
1.0
1.0
1.0
0.6666666666666666
1.0
1.0
1.0
1.0
1.0
1.0
1.0
1.0
1.0
1.0
1.0
1.0
1.0
1.0
1.0
1.0
1.0
1.0
1.0
0.5
1.0
1.0
1.0
1.0
1.0
1.0
1.0
1.0
1.0
1.0
1.0
1.0
1.0
1.0
1.0
1.0
1.0
1.0
1.0
1.0
1.0
1.0
1.0
1.0
1.0
1.0
1.0
1.0
1.0
1.0
1.0
1.0
1.0
1.0
1.0
1.0
1.0
1.0
0.4
1.0
1.0
1.0
1.0
1.0
1.0
1.0
1.0
1.0
1.0
1.0
0.8571428571428571
1.0
1.0
1.0
1.0
1.0
1.0
1.0
0.8571428571428571
1.0
0.8571428571428571
1.0
0.5714285714285715
0.75
1.0
0.5
1.0
0.3333333333333333
1.0
1.0
1.0
0.888888888888889
1.0
1.0
1.0
1.0
1.0
1.0
0.8571428571428571
1.0
1.0
1.0
1.0
1.0
1.0
1.0
1.0
1.0
1.0
1.0
0.7499999999999999
0.8000000000000002
0.888888888888889
1.0
0.888888888888889
1.0
1.0
1.0
1.0
1.0
1.0
1.0
1.0
0.8000000000000002
1.0
1.0
1.0
1.0
1.0
1.0
1.0
1.0
1.0
0.888888888888889
1.0
0.0
1.0
0.0
0.0
1.0
0.0
1.0
0.0
0.0
0.0
1.0
0.0
0.0
0.0
0.5
0.0
0.5
0.5
0.0
0.0
0.0
0.0
0.0
0.0
0.0
0.5
0.0
0.0
0.0
0.0
0.5
0.8571428571428571
0.0
0.0
0.4
0.0
0.0
0.0
0.6
0.4444444444444444
0.25
0.6666666666666666
0.5
0.0
0.4
0.28571428571428575
0.5
0.22222222222222224
0.4444444444444445
0.0
0.4
0.18181818181818182
0.0
0.5454545454545454
0.08333333333333334
0.0
0.3333333333333333
0.4444444444444445
0.22222222222222224
0.22222222222222224
0.0
0.4000000000000001
0.0
0.0
0.25
0.20000000000000004
0.4444444444444445
0.0
0.0
0.2857142857142857
0.0
0.2857142857142857
0.0
0.1818181818181818
