0.9977542658646901
0.9916098912556965
0.5059371285606176
0.9983676175276439
0.9972804089387257
0.9673575361569722
0.9985584716002147
0.9962687492370605
0.9916605552037556
0.9977315068244934
0.9920044938723247
0.9619281689325969
0.9945739209651947
0.03734553209505975
0.9846833199262619
0.9949312210083008
0.9714191811425348
0.9880159795284271
0.9971593519051869
0.9981090625127156
0.9989862342675526
0.9988152980804443
0.9986641108989716
0.9942027479410172
0.9991337358951569
0.9962298631668091
0.9913665155569713
0.9981464213795133
0.9924744963645935
0.993600070476532
0.9961285814642906
0.9935272783041
0.9944723314709134
0.5115268751251278
0.9930802216896644
0.9936193267504375
0.9556086914879937
0.9988998830318451
0.4191415404435247
0.9986241964193489
0.9737773721034709
0.9946621358394623
0.9906324222683907
0.9966333160797756
0.9939932346343996
0.9975451469421387
0.997455528804234
0.998943142592907
0.9959363341331482
0.9961405396461487
0.9985246300697327
0.9991937081019084
0.9995706975460052
0.9224925309419632
0.9935809820890427
0.9990470856428146
0.9902385473251343
0.995569372177124
0.9940123624271816
0.9964808523654938
0.9214835464954377
0.8145064892976182
0.9031010482992444
0.9950180990355355
0.9978124737739563
0.9018213897943497
0.9958122057073259
0.6881092789893349
0.9978227681583828
0.989315757384667
0.9500355442365009
0.9967119904125438
0.5968767424197722
0.7796960806474089
0.8720826921915568
0.9961897730827333
0.902317691128701
0.8782123060896992
0.9947926253080368
0.9653343319892883
0.9722355132301648
0.9966740074910614
0.9906096624003515
0.9437906800562308
0.9978241114055411
0.9964864308183844
0.9715513719452752
0.995485966404279
0.9954835847020149
0.99402974282994
0.9955401512292712
0.8599471160425588
0.8022809559224697
0.9857678512732188
0.9836210310459137
0.9960786771774295
0.6643234386855986
0.6468515652522911
0.8597933655338628
0.826958455246906
0.9934894361279226
0.6975071273380309
0.944846285016913
0.47173591497703465
0.9980048288901647
0.8266605131405715
0.9991010988459867
0.9965350345561378
0.997197300195694
0.989963154792786
0.9918146659346188
0.989434369972774
0.826097572961468
0.9928214132785798
0.9233592702792242
0.859444485604763
0.999216357866923
0.9738055421755862
0.9783623258272807
0.9972556548960069
0.9824002782503763
0.9975720081064438
0.9867482875522814
0.9193246432978778
0.6182572560309154
0.8934324293740147
0.9113689624518158
0.8370061129597681
0.853678394590729
0.9956816860607692
0.8862213290962649
0.9959588611827178
0.9978715752561886
0.9897351662317911
0.9934254856336684
0.9702224685810508
0.99223670092496
0.7190481078638079
0.8927909812517464
0.9939464827378591
0.9977421190427697
0.991239994764328
0.9990016751819186
0.9969175170969081
0.9578638421416354
0.9956332232270922
0.9925099387764931
0.9025297661622366
0.9822283983230591
0.003375519642658118
0.9753711670637131
0.07788886199705303
0.3769786190241575
0.998130093018214
0.000265839171333937
0.9165407717227936
0.006620107059764754
0.20376713713631034
0.02695497597596841
0.887807309627533
0.03560596999401847
0.3513989906965031
0.0055814614170230925
0.42544988393783567
0.008574491611216217
0.4478611308316301
0.3888875906868634
0.10948951214474315
0.0002675723735592328
0.08568286942979532
0.004685377112102948
0.0004263590196084503
0.0010766596196845057
0.04012841922051918
0.4910154851131665
0.008642838899894352
0.007475408492609858
0.014459731057286263
0.024534142572402714
0.3214219393680105
0.26626132506593736
0.0023872949433793754
0.04504200444401552
0.07249346696335124
0.034289337309680624
0.009002977531161057
0.010954514490939413
0.5268500644803769
0.4501821356218365
0.005247996434817374
0.7004311937125749
0.27340719615776005
0.0283900012860117
0.19693815570302406
0.08876210240203783
0.0010330357887411354
0.015879609637522663
0.23872845155904848
0.07298476044424104
0.027101002166524443
0.3638935509147245
0.03448379998688166
0.11906516938567319
0.13539854947521235
0.12761124398267662
0.1332074908561294
0.015129331142209898
0.12750623045877935
0.11117862409968698
0.04959227246528338
0.014530945712850655
0.13684954870653504
0.09000424238829986
0.20092043176126212
0.14002822697792303
0.03735163517398398
0.0006756972400883873
0.14610428614484947
0.21114746070844714
0.025606967806691937
0.148549305722554
0.027843482179615305
0.0040418215555880176
