0.9979956448078156
0.021310430408144992
0.41520915229436167
0.5593463331460953
0.9980694055557251
0.9852647085984547
0.9985584716002147
0.2611722589354031
0.12189749317864577
0.9977315068244934
0.48651670664548874
0.9603690207004547
0.9946105281511943
0.09873509779572487
0.991086557507515
0.9879181385040283
0.010196072298276706
0.9933348000049591
0.9939576188723247
0.12873871189852557
0.9990443885326385
0.9985217452049255
0.9986641108989716
0.01675588638681802
0.9991337358951569
0.9952813506126403
0.3991395588964224
0.8338387099405129
0.9935307949781418
0.962020754814148
0.9949719905853271
0.39951024897163734
0.9973645210266113
0.6408011652068429
0.5857624571238246
0.6613187205835452
0.8342963926593908
0.9986936748027802
0.003803571339813061
0.9986241964193489
0.9981369605431188
0.9953406751155853
0.9916651174426079
0.9845304042100906
0.9887769103050233
0.9976501901944479
0.997455528804234
0.9988384768366814
0.3729543464258313
0.5328473650539914
0.6354630598798394
0.5039326585416953
0.6435583913355205
0.6621959070907906
0.9935809820890427
0.9990470856428146
0.01006310106657276
0.995569372177124
0.9959661894374424
0.9953772624333699
0.9942610401373645
0.35699107801156066
0.6021942806430161
0.8536651542942438
0.7655281107872725
0.5852094559289981
0.7830936414518095
0.7900430374614492
0.28811146555744926
0.7109453477325067
0.655872953136471
0.2595870656468006
0.01811395011445711
0.6923459030687809
0.7111929248688587
0.6343721120743299
0.6708682536284739
0.919118845101016
0.3831325244609616
0.00974173005670309
0.34887117534304307
0.5210471300899945
0.6439431076869369
0.849882557367285
0.3261323436060647
0.7749463131917259
0.9763926148414612
0.06118477242287352
0.49370931889279746
0.4972503987451742
0.7306778717529596
0.848883274082954
0.8858848380159543
0.8991075454479349
0.7118826890538912
0.8761985582855415
0.329086128363997
0.3036949594603785
0.41314213708086756
0.26358709853261447
0.9923912757321407
0.638205648246055
0.837240931391716
0.9987287449836733
0.998399039109548
0.6870894676194439
0.8359336732610245
0.10849401896792606
0.6652868676889435
0.7221413028105004
0.9944636885608947
0.9715896099805832
0.5047857996569292
0.8696488602632826
0.922656679382691
0.54656377863086
0.6507690685729256
0.9927888787709747
0.7126369986396569
0.4740058319054215
0.9983434235608135
0.8992550737447648
0.7463272112363483
0.6524349668941017
0.10572312914428036
0.5409476808233498
0.8633856121201201
0.7679889290761381
0.762305378302699
0.8091247894226399
0.8554673060550287
0.3693690803440405
0.7988552744487001
0.0007815109204731177
0.002915554204688912
0.962914995629998
0.8997120163403451
0.5984851142108839
0.6795599736023609
0.6234373228712179
0.9484430907580712
0.9937925636768341
0.4331308050184614
0.8857408498178874
0.7511396739137127
0.9954131458486831
0.7707589338348374
0.6791042669065064
0.009111802617553622
0.006664449797729806
0.4482144429348409
0.009767136798473075
0.007464407768566161
0.9980113108952839
0.0038440378339146264
0.0004027224301050107
0.005722098336264025
0.0007732549056527205
0.001733653392875567
0.924191027879715
0.0022299339786210717
0.0004826271809482326
0.0019870413331470145
0.0008561055518738512
0.004322668531434222
0.04672137534362264
0.00010996674821702375
0.02857233405585349
0.0001060355716617778
0.0008583533226556028
0.0005081901945231947
0.04577401238687647
0.0016737074474804103
0.0011423208845371847
0.0015987267963484758
0.2847941604188897
0.001171623880509287
0.002199302472743309
0.008355025152783267
0.015409157688666776
0.0015764937455638903
0.001420697268754752
0.0023274403938557953
0.0032279801101443204
0.0008888761454727501
0.016968849245379468
0.0014611095601659535
0.00965558192910976
0.01924580451876474
0.0267131799904318
0.0008765480438755318
0.024859941043541764
0.004653602572424071
0.0012934731399086145
0.009194915153784677
0.00170044364737502
0.0006786785561416764
0.0015931158394475154
0.005297084373887628
0.004538205948968728
0.007779883193399975
0.010288403895709267
0.006880727155172887
0.008530758932465687
0.003335836408522857
0.005698458301291491
0.025268620360293426
0.004196073537605116
0.0015512989481067051
0.005157487154065166
0.004349751808816412
0.0025315520925990615
0.0026132780008992994
0.0010386450913857617
0.004164325017093991
0.013170603408070747
0.003463721963473492
0.0017883684777189044
0.0037924600036165898
0.0042823964672257155
0.0010419404429472601
0.029235974387265745
0.0049349053006153545
