0.997004359960556
0.9895273049672444
0.9549757142861683
0.005971356760710478
0.9972804089387257
0.8978165288766224
0.9985584716002147
0.417571392065535
0.9916605552037556
0.9933885335922241
0.9885912239551544
0.9666314522425334
0.9980206489562988
0.9920679926872253
0.22692578751593828
0.9879181385040283
0.263259994697624
0.9933348000049591
0.9965550899505615
0.07148663175757974
0.9990443885326385
0.39999718964099884
0.9935635924339294
0.9968261867761612
0.9991337358951569
0.993643832206726
0.9950416286786397
0.8338387099405129
0.9935307949781418
0.962020754814148
0.9967407584190369
0.9159456193447113
0.9982232716348436
0.28228722016016644
0.9935459332032637
0.972677277194129
0.9184130281209948
0.9989017128944399
0.6720540603766073
0.9986241964193489
0.9980918902617234
0.9953406751155853
0.9974939897656441
0.9943597634633383
0.9930885008403234
0.996469000975291
0.997455528804234
0.9988384768366814
0.9941739780562264
0.9980685114860535
0.9979351222515106
0.9989209324121475
0.9994375507036846
0.8851198017597198
0.9951762557029724
0.998737911383311
0.9873601198196411
0.995165263613065
0.9962405959765116
0.4510161901513735
0.7960050010255405
0.8540425690822305
0.6021942806430161
0.9172010932649884
0.9940800905227661
0.8904622041413353
0.9938779297996971
0.7961800571531057
0.9985472427474127
0.6837343206363065
0.9796304135095506
0.9979080031899845
0.8092731012341877
0.8410411101012004
0.9144886183655925
0.7796594697023725
0.9969382243497031
0.9349643515477724
0.993316650390625
0.6797035984694958
0.6087492804065169
0.9987701692364431
0.7951768944660823
0.849882557367285
0.7214635594693178
0.9454198413425021
0.9868575419698443
0.987840473651886
0.996780276298523
0.9662530422210696
0.500972001440823
0.5678680846467614
0.9266761362552642
0.7123280008302876
0.7183294356465921
0.6709961303775864
0.6705552960306199
0.7058980687357049
0.9555786690291236
0.8256820736265659
0.9964012315398767
0.4721892168405854
0.8077143974151113
0.9932880330085755
0.9962386446339744
0.5027865191010885
0.8675162224441438
0.7484639746593301
0.7759173644732247
0.986885852813721
0.9933183044195175
0.9744789997736613
0.8375502228736877
0.7735448454655448
0.47792928263795775
0.5445274577859064
0.8946684386048999
0.987475440718911
0.9875986713629502
0.9960818727811177
0.9895979762077332
0.6926438436511847
0.9337570687820169
0.9186132560716943
0.8228306025266646
0.9511908988157908
0.7973157862563255
0.8561230865660556
0.609862446297233
0.9925965704023838
0.8854457819381625
0.6381650383627858
0.30329754147290566
0.895482369448038
0.5922843240693564
0.9478937778074075
0.7292453405098058
0.4831693548941985
0.6782505155712463
0.9942140370607376
0.8141807894343915
0.8704879318756866
0.92022428187457
0.9975052498005054
0.70828858470914
0.9886040134089334
0.6337233255704632
0.7475296601727938
0.9980158060789108
0.13760251505300403
0.06559056125115603
0.9878903031349182
0.31423759678727947
0.99759441614151
0.9987031370401382
0.998601645231247
0.4962997393061717
0.9940607696771622
0.9966068863868713
0.8445164958635967
0.0645578761274616
0.38420099555514753
0.12456129617445792
0.6794452977677186
0.7598678891857464
0.07643644411083578
0.6598413554602303
0.9989858120679855
0.7183746807859279
0.5448301282118667
0.5938310753554106
0.19148999326959407
0.021742960016126744
0.016342905061229915
0.03476909389307063
0.9981390671296553
0.8577280732301564
0.05822670906491112
0.48290992231570845
0.7666367947822434
0.6408019476470406
0.704932172516627
0.1568955265393015
0.18342108451502606
0.2576968123612459
0.20371351314877922
0.670004014583195
0.6250080129876734
0.5913933556445915
0.597870259708725
0.7344456212441027
0.4780863442999991
0.7866068540865349
0.5878100102644178
0.5556352226300916
0.5313625274963366
0.3808897091624386
0.0477376836752228
0.08582343037232931
0.36069347773203236
0.13819583487170545
0.3013608060427942
0.33851615728963225
0.4075110960929167
0.33601532838511056
0.34843994754677016
0.5047541575493394
0.5571523817817924
0.18146877093160332
0.5382689656210552
0.6369555931687501
0.21486614089786193
0.22001950272770834
0.16860878684949257
0.23469791242886068
0.28542698853945897
0.059591816640507514
0.36935099352542794
0.3636941204442539
0.2291191272802519
0.17818659038849824
0.411260807521685
0.1347418181637956
