0.997004359960556
0.0
0.876353104909261
0.9681208233038585
0.9980694055557251
0.9379472235838573
0.3337736158347171
0.3458792880022277
0.0030045857832495435
0.9977315068244934
0.8735247453053792
0.9603690207004547
0.9965378244717915
0.5448727644979954
0.9953607022762299
0.9906720221042633
0.996080756187439
0.9880159795284271
0.9939576188723247
0.6409868863411248
0.9990443885326385
0.9982068538665771
0.9985836744308472
0.013270638359244913
0.9991337358951569
0.2585397035498837
0.9887705842653911
0.0014959006706097475
0.4816644904203713
0.962020754814148
0.9962937980890274
0.9184349278608958
0.9973645210266113
0.6640060066759664
0.5433848647371633
0.4972370960749686
0.8490348028551257
0.9988998830318451
0.5922697878166218
0.9968987886722271
0.997954909618084
0.9953406751155853
0.9974240139126778
0.9778569142023723
0.9958043609346662
0.9967736452817917
0.9974647419793266
0.9986011286576589
0.9248017072677612
0.9983199338118236
0.9962774713834127
0.49860854324409354
0.3355811981147983
0.9508789777755737
0.9933649599552155
0.9987601637840271
0.0030205536141610623
0.994628127415975
0.9958823588159348
0.9953772624333699
0.7983771759484496
0.588764634455265
0.6003459900151938
0.9927159771323204
0.9976426727241939
0.5985514879847567
0.7830864160174056
0.3380866078368854
0.2507773841067925
0.7562013413084464
0.6742281564465278
0.9975028423702016
0.04379230406084389
0.339153297090282
0.7090951191951588
0.6415113810541828
0.38583271798561325
0.7677440671966627
0.3836038369554444
0.22403260925784707
0.20141150879933575
0.7636137593617603
0.33285852342378347
0.8915940371652443
0.3046516042000697
0.9294447435273064
0.9717340230941772
0.00831743715348744
0.9918577596545219
0.00048799023222402744
0.5205684319953433
0.5370175703646964
0.9959441522757212
0.6638682568514519
0.7831844123890429
0.861090828704288
0.3335461653890282
0.6452179273144473
0.7934882115300571
0.6380436495585498
0.6120433311396202
0.45328122095179424
0.4668948041577322
0.9974087883125652
0.9982462738241468
0.7074803841226942
0.5243123344784287
0.36548816451327837
0.8555603722603077
0.7214035492276957
0.9974527740478516
0.9884495990616935
0.9867698192596436
0.9949060281117758
0.9233592702792242
0.37483402835738766
0.9988163742754196
0.7465734042433232
0.13502280317738447
0.7505892108737802
0.7992527702701323
0.6395109069654913
0.8940663274377583
0.23175050522397878
0.3743539611873529
0.3306927307860557
0.9946033147073561
0.9636474903672934
0.47915553222612844
0.8091247894226399
0.71130426086607
0.5867430810730214
0.7572588208922146
0.815460516563115
0.5331202234830319
0.7752761501112894
0.6112082613035453
0.600432565127609
0.6556352197693068
0.9932909995317459
0.6080473856307435
0.9927122518420219
0.6678113925348347
0.9968563675880432
0.8239573841989192
0.9961585402488708
0.5400965676672058
0.753420287714107
0.0878531652269885
0.9922512571016948
0.9970312267541885
0.9973794221878052
0.4135910515906289
0.9980113108952839
0.0012052484307787381
0.00105785446066875
0.5032084315995841
0.8961975276470184
0.7114169299602509
0.031168224833284814
0.9981714288393657
0.0118729432967181
0.9973644912242889
0.0005224853100824273
0.23007930125459097
0.0367412681887138
0.0014638265486913344
0.01846785614422212
0.00014482700943416503
0.9180720665238119
0.6712821426825195
0.9937413136164348
0.9982184395194054
0.9983483048585744
0.9979328030631656
0.001873732489912072
0.22007631369051522
0.9975320398807526
0.965649515390396
0.020083416933910202
0.0038440423793092903
0.2633091912159996
0.9981135030587515
0.9974469708071814
0.9948810264468193
0.5308398369245249
0.9816377303179574
0.282900059267903
0.24142050963607345
0.13543114785404345
0.0035875448163344777
0.9961239970647371
0.005009793980986744
0.5256548786767945
0.003398169281300558
0.0024493325575652607
0.00487309979530437
0.9773366376757622
0.9961983263492584
0.8858846172138496
0.9949906422541689
0.5305896577808787
0.6466399927632194
0.8200734072282405
0.5534797760233883
0.18837669336274607
0.030260853834139807
0.714111585086357
0.9024187572122172
0.005514498341653962
0.003918292379932522
0.21425389086804594
0.0036130289184256982
0.0036851775915974507
0.004590958411184449
0.013954299268551126
0.9785141130288441
0.05665363829612033
0.22105317697908808
0.005758553099160333
0.6975735186659642
0.8308362161689965
0.584510912658681
