0.997004359960556
0.9933911462624867
0.022091134140888848
0.5034064037414888
0.9980694055557251
0.9754315614700317
0.9976434707641602
0.6775311417877674
0.9916605552037556
0.9653204083442688
0.9913429319858551
0.9666314522425334
0.9964763720830281
0.5702955275774002
0.9959575980901718
0.9930230975151062
0.6792946786486678
0.9880159795284271
0.9939576188723247
0.022053083254528854
0.9990008771419525
0.9987427294254303
0.9986641108989716
0.9972205609083176
0.9992414216200511
0.9952031459127154
0.9950416286786397
0.8338387099405129
0.9576845914125443
0.7212616913020611
0.42133574531180784
0.7269567344337702
0.28856614301080946
0.24390776199288666
0.7714042017857233
0.9921019872029623
0.8878953552339227
0.89366135597229
0.9171324261697008
0.9992671379676232
0.9977723222512466
0.7194064607222875
0.7249647115822881
0.5058165311153668
0.8741193979978561
0.9975451469421387
0.9966683217457363
0.9990082234144211
0.3681712711529274
0.16445203631236735
0.9985248446464539
0.9750972588857014
0.9995158463716507
0.6912173796445131
0.6475891458491484
0.9987601637840271
0.16830324634377447
0.9949005494515102
0.16053126458751246
0.9951856732368469
0.5152787813800388
0.2744090266802232
0.9385024547576905
0.9194566085934639
0.9966487050056457
0.8767691228538752
0.719299904344713
0.3782573950787385
0.83406321461209
0.5442087971760581
0.9792632990413243
0.964446148451637
0.7847780182572024
0.9840658936235641
0.8700200796038623
0.5587793107774548
0.5690726183654208
0.4682128237327561
0.89011475071311
0.34617096139118075
0.8500934122573762
0.9995119226606268
0.836000079634013
0.9310481429100037
0.5889354376806296
0.5529660436376516
0.989614737033844
0.9941532959540684
0.9660794019699097
0.9485888516201694
0.6322060263930603
0.868827088521077
0.6474776589829061
0.6566500562691577
0.6810072038247849
0.22924614348914477
0.24434703301893834
0.8637808305413827
0.35254192679141333
0.9975415559915396
0.2955703817804953
0.1436580016525113
0.5318917623179996
0.4652168074450277
0.9921250769070217
0.1501526715432259
0.49925021697823757
0.9867541909217834
0.26127760035645525
0.5567722276784481
0.9826821684837342
0.48816712728391093
0.7094678635296857
0.6553167348461607
0.5290327293466992
0.6863226374304813
0.3344802021650442
0.4270962642622179
0.736307825674029
0.27214662570778664
0.8731374497214954
0.8255571508497904
0.7566597238211005
0.5236795366369189
0.6391970459653749
0.34172199188550517
0.7025630678776104
0.7064428874310257
0.4550097865554002
0.26482302920067013
0.371757669840008
0.2969862959294655
0.6248802865655827
0.27649176253804136
0.5753576189622676
0.42323869794147745
0.7079028355342415
0.9196125030517578
0.8429921187839851
0.27173248630697344
0.6411859174056546
0.6199866234621202
0.5829772397875785
0.9972584128379822
0.7960248812945794
0.5696837236838682
0.5341391263675177
0.5943716035431458
0.9980158060789108
0.24929217404375473
0.463765237480402
0.20499010384082794
0.5237146346092535
0.9969544510046642
0.9985475838184357
0.9986894230047862
0.9735232690970104
0.3532775342464447
0.45118581503629684
0.9224762121836345
0.05739886391287049
0.9989789426326752
0.040243876477082566
0.02917234260045613
0.9824782957633336
0.3887200113385916
0.15579823036568996
0.6822292190045118
0.23703048985141018
0.33838203127379524
0.4407397852363911
0.2766267598732763
0.08606426790356636
0.1539779324800922
0.026959499666797154
0.9945724443955855
0.10749133504354036
0.01080420251431254
0.1841760781213739
0.19992620020134794
0.4258135541760047
0.2863732364357394
0.07762560305889651
0.007582612258071701
0.008205733074506637
0.1324610167076268
0.4597664661431575
0.10647257141483187
0.10365487620874775
0.41221959296381105
0.032837639107707546
0.00994388337858254
0.559499283532866
0.21991668533618478
0.3145395548381202
0.23352267738352697
0.040806182205043035
0.05275490681621401
0.12127967744891066
0.3247759190994657
0.03870298060848234
0.28657179664878646
0.14460909533227095
0.29643860579944015
0.018202580254771474
0.08979828887580273
0.1237701528875732
0.32562976923218223
0.08837711397511436
0.24192100365007715
0.19722955484091167
0.42131459190352416
0.45775813036884905
0.3143007225599155
0.25740949039476013
0.008059915496603396
0.06928996167402214
0.3152157230371813
0.2696377182115005
0.0035335369616708097
0.22410448121104312
0.18168237770869916
0.5285332120026731
