0.9974629878997803
0.9973876575628917
0.02712782472372055
0.0
0.9979098737239838
0.9870867530504863
0.7351584931214651
0.6621323368065836
0.9896487593650818
0.9880745708942413
0.9761635363101959
0.9700887004534404
0.9980241358280182
0.9939104318618774
0.9431557804346085
0.9879181385040283
0.0
0.5095760975964367
0.9962721367677052
0.0
0.9990008771419525
0.9987972974777222
0.9850854178269703
0.9972205609083176
0.6951165298620859
0.9943186300141471
0.39701769563059014
0.23572601789298156
0.9914934784173965
0.5934047624468803
0.9964883998036385
0.9882008582353592
0.25412596446565455
0.5161000171210617
0.9672230283419291
0.7232875734567642
0.8494581830122376
0.9967797739165173
0.8952890348620712
0.9968987886722271
0.9825828579755929
0.6880655388037363
0.9931139722466469
0.9913445015748341
0.9526932120323182
0.9973863204320272
0.6326775461435318
0.0
0.9951441543442863
0.9990453985002307
0.9968172311782837
0.9595041208797032
0.6678975151541332
0.7762947082519531
0.9692739844322205
0.9989612847566605
0.6444870829000138
0.9953185478846232
0.996435950199763
0.9950708001852036
0.9889296363381781
0.48231019960675287
0.4426791790340628
0.885024790252958
0.9960803707440693
0.8927709985420936
0.9944035581180027
0.8077000180880228
0.9984093871381546
0.9007413122389052
0.5644437307821742
0.996402178491865
0.8296846069154397
0.6860662863408732
0.901224199294423
0.9260172162737165
0.461985243925093
0.931831062034083
0.49789453167371295
0.7684431083500385
0.8830024814676671
0.9535806067287922
0.9836274352338578
0.9059331961390044
0.7797932302304876
0.9620656642046842
0.9789314031600952
0.9934528112411499
0.5293560350934664
0.7352154410698198
0.9960109453934888
0.8658485011412546
0.8289148117570827
0.9051616211783969
0.9895386525562831
0.8607635513347176
0.9940244182944298
0.9960440931649044
0.6937035239639228
0.9980805332844072
0.9871099057950472
0.9746009366852897
0.9251796399292193
0.87043432533741
0.8223173835625252
0.6369657552162001
0.9978867839364445
0.8857498765972099
0.9965613360206287
0.9962290870515924
0.8725023841857912
0.9632061620553335
0.685150026033322
0.795613913462148
0.9631574416861814
0.7077556643981713
0.9972513914108276
0.8496371109401728
0.9276829155591818
0.9305923300630906
0.983570396900177
0.9906701031658386
0.9228858248097822
0.8126396867850417
0.9746596181392668
0.9628862539927163
0.7677689516670897
0.7631269038059092
0.9642593587066846
0.8045368401131522
0.8602260905281582
0.9692355728149417
0.9939434362782373
0.9967593770278128
0.9797353489058358
0.9472107901426688
0.5632274326495826
0.9893604579724764
0.7703294167640032
0.9544245650370916
0.8591864711533371
0.8368283930467442
0.40477409765589983
0.9965279742523477
0.9496061097116859
0.9922775415813222
0.7871914899442345
0.8495533000367385
0.9980158060789108
0.0
0.0
0.0
0.0
0.9537919759750366
0.0414730787742883
0.9989254772663116
0.5435241612916192
0.0
0.0
0.8008815596501033
0.0
0.998412549495697
0.0
0.9959560086329777
0.9978447904189427
0.9974529785769327
0.167243863319527
0.9982447147369384
0.04833835920241351
0.0
0.18896063201827926
0.17756650344623873
0.0
0.0
0.0
0.9834996895356611
0.5897729585143678
0.0
0.6336752734823675
0.6875107919568109
0.9973096461857068
0.6357503216700437
0.0
0.0
0.00407729138241848
0.11922692979310846
0.0826800701553501
0.37528980330262135
0.5567180214067257
0.6920159573064132
0.7431188607588411
0.0
0.9957300837223346
0.5066731788101607
0.5113319522908727
0.9565811474652339
0.681943204663759
0.3997548249511359
0.0
0.0
0.0
0.8243263350434974
0.06121185416446274
0.06072744654763179
0.8963360051784548
0.5831826731891417
0.6630103790876597
0.3523484333632308
0.0
0.794294838341067
0.8889527254634433
0.5342678762480361
0.5609814621723042
0.6266048404601557
0.6866614271938963
0.7400470018458993
0.0
0.8697057418886777
0.6110943986913535
0.6935316778719212
0.0
0.00854390954574276
0.22569132385363513
