0.998275915781657
0.8488395363092422
0.9152788817882538
0.5010365465811143
0.0
0.9874449372291565
0.9985584716002147
0.007461440458428115
0.9902933935324352
0.46338165551424026
0.8969441536400052
0.7449690302213033
0.4982173650156862
0.604404341429472
0.9826395511627197
0.7707271873950958
0.9001936401639667
0.9934994578361511
0.997447023789088
0.4999265165145819
0.5023251281430324
0.9344224333763123
0.6640742315600315
0.0
0.9991824527581532
0.9959062457084655
0.9954531888167064
0.8338387099405129
0.9951650351285934
0.991422027349472
0.9108050689101219
0.34906830828792107
0.9984731276830038
0.32393540665507314
0.9898010094960531
0.5056560891947204
0.674417132139206
0.998516845703125
0.9184864369722512
0.9971374961046069
0.9956241525136504
0.9953406751155853
0.7546349428012036
0.9014898423144284
0.8936131440389615
0.9969972918430965
0.9957735368183681
0.998943142592907
0.9637631773948669
0.9974800844987233
0.9968365430831909
0.9983613441387813
0.9996199011802673
0.9985696872075399
0.9934188922246298
0.9992551902929943
0.9871670476027897
0.9914104491472244
0.997823244995541
0.9939223080873489
0.9965804043938132
0.9935943847117218
0.9843348622322082
0.5613773963414133
0.9978003568119472
0.8892725436016917
0.9449361605303631
0.7151114521548152
0.9825764422615368
0.8856151851101054
0.9512865861256916
0.9978447521434113
0.910773766944961
0.9927658273114099
0.9125081536670525
0.9862349664463717
0.9162232428789139
0.6457472352565012
0.9100438535213471
0.987030824025472
0.4297709931557216
0.4817215413330766
0.9465613298945957
0.9448064861612187
0.5166775954837379
0.9283209659836509
0.9870258304807875
0.9903584003448487
0.25049123690587294
0.7252218985397902
0.9784972353985434
0.8765418972470796
0.9929052193959554
0.9464549703656563
0.37367687999503685
0.7350473240314221
0.8091606593668639
0.9957372001979662
0.9371347767966136
0.9946407364762347
0.9619248807430267
0.9221316375270752
0.9667925113125851
0.9973417307649342
0.9191164629799979
0.9946749235192935
0.4658146667386652
0.5690040768271213
0.997096748579116
0.9873557472229006
0.9950216850813699
0.9898065229256948
0.9913265023912702
0.9066608399152756
0.9208981595360316
0.9594418092777854
0.996077232890659
0.9082580987702715
0.9879575142493615
0.0
0.9594948629538219
0.9921787778536477
0.9583065425977109
0.7670380724583604
0.9565218997001648
0.9929550041755041
0.41627041564730466
0.7184400676603273
0.958761464062263
0.9841118388705783
0.8858464398589503
0.8626888217777015
0.741964571721231
0.9969277410280137
0.9956361616359037
0.8186452138402006
0.9651162028312682
0.9415926059087117
0.4915159473587808
0.8959936954081058
0.9159884039798508
0.8646232055293189
0.6336925792921748
0.9721258342266083
0.9333973828333375
0.8834211028713201
0.2767659120353138
0.957182112194243
0.9982836842536926
0.641288087509262
0.9866805225610733
0.0
0.9905174275239309
0.8431395888328552
0.9927816589673361
0.9991041918595631
0.9838745991388957
0.996014192700386
0.9966297596693039
0.8190021589398384
0.9948568244775136
0.0
0.9968456824620564
0.7034198810482243
0.9710552493731182
0.8630435358394276
0.8137013161710153
0.8617013146479924
0.6000574095523916
0.9873680344649723
0.3489758158949288
0.0
0.749340740905609
0.8951164208925686
0.9920677542686462
0.978499342094768
0.47869486268609757
0.9937657912572224
0.5449041273623151
0.9503721269694242
0.9910466730594636
0.9085537125522802
0.988479024834103
0.9959655967023636
0.0
0.0
0.07116286122306649
0.8629159617424011
0.8825205839846446
0.8419318531698081
0.987614673726699
0.9921117387712
0.9700227517348069
0.599042579326411
0.5530110992491245
0.7394638737666053
0.9949195704289845
0.7786983521766074
0.9942985102534294
0.9922804186741512
0.9954300440590955
0.9789480618808583
0.37299811794461374
0.2744109952744717
0.9066344026638116
0.5661242781123812
0.6833544054922337
0.8812847658991813
0.8834475954654407
0.7985557795598588
0.5301122229753269
0.408719414133682
0.8405675905403391
0.5320524613974461
0.8919595755912639
0.8839646873745585
0.9771654605865479
0.849051117726888
0.7074308445746147
0.9919007576030233
0.8297748517199159
0.36985667002859135
0.0
