0.9974629878997803
0.988789012034734
0.9202942748864491
0.9976215064525604
0.9972804089387257
0.971437652905782
0.9975278377532959
0.6478687893250026
0.9916605552037556
0.5961671471595764
0.9806241393089294
0.9824564556280773
0.9979283014933269
0.9949052035808563
0.9858630150556564
0.984366774559021
0.977294671535492
0.9880159795284271
0.9950403273105621
0.5409449239571889
0.9989862342675526
0.9836396276950836
0.9988703827063243
0.8566360622644424
0.999287658267551
0.9947610974311829
0.9854985177516937
0.7438218966126442
0.9813763946294785
0.9620278626680374
0.9948355630040169
0.9947910408178965
0.9956960214508904
0.7659342810511589
0.9954242435368624
0.9963515599568684
0.7989855719730259
0.9985693454742431
0.9105060418637898
0.9986660663898171
0.8766594987649183
0.9959071824947993
0.6096273938601371
0.9943597634633383
0.9422271907329561
0.9970143288373947
0.9975960510117667
0.9986863285303116
0.9843448741095406
0.9953559835751852
0.9956360906362534
0.9992858171463013
0.9996196279923122
0.996398851275444
0.9912941853205363
0.667007695314371
0.9856944893087659
0.9933743228514988
0.997075155377388
0.6200235324601332
0.9957201025065254
0.9932668715715409
0.99730042048863
0.9574490520689223
0.9978821419534228
0.8620899387945732
0.7110824038699161
0.9957342247168223
0.9989552266067928
0.8976662337610667
0.9773567744663784
0.9926401291574753
0.9137580587218205
0.9983883003393809
0.9040934269183448
0.8962532939788489
0.9721219667366573
0.925730464347483
0.9873385479052862
0.9832924962043762
0.9892104441920917
0.9955370300694516
0.9490404228369395
0.8688239720960457
0.9972289905828591
0.9955739270557057
0.9902329189436776
0.9706056151125165
0.9568263242642084
0.929521518945694
0.9801562961779141
0.8039499081787652
0.9705453481939104
0.946898406282777
0.9895783331659105
0.9974880123138429
0.4494214617048523
0.6255890589069596
0.9808105738723981
0.9978955869491284
0.9946191310882568
0.9531092579875674
0.9602020742105586
0.3508027829474916
0.9983990916184017
0.9822116037209829
0.9828915771316079
0.928498264849186
0.9966712966561317
0.9884089612960818
0.9481847214698792
0.9866482689976692
0.9619675023215157
0.9795278509457906
0.6010158007654051
0.9956104755401611
0.863506589617048
0.9154826511036265
0.9398894339799881
0.9885624086155611
0.9781128631697761
0.9418572223547734
0.8243726401789379
0.9349711427717158
0.7352658153534867
0.9963908177433592
0.9951546845897552
0.968862587476478
0.9956282172352076
0.8211987288668752
0.8058229840899003
0.9880698095349707
0.9605464220046998
0.999189935979389
0.9840869552948895
0.9462805970483837
0.9871884632110595
0.980143510159992
0.6804600984526231
0.9740908533334732
0.9418289575797433
0.9399441242218017
0.9976285331779056
0.9957991198257162
0.9603817808072501
0.7221780845669428
0.63917995568934
0.9393552385625384
0.997806504368782
0.9950536390145619
0.9982749372720718
0.9973794221878052
0.32243957354997593
0.9972359836101532
0.9987031370401382
0.998601645231247
0.9946113427480061
0.9943603426218033
0.9557172507047653
0.8190021589398384
0.9981714288393657
0.9983648955821991
0.8981650571028392
0.9374741713205974
0.9891633540391922
0.9979802072048187
0.9989475682377815
0.9991478820641835
0.9996006141106288
0.9929566166617654
0.8153065876527266
0.6907564773961592
0.9982184395194054
0.9983483048585744
0.053953817424674824
0.995232506231828
0.9991862865594717
0.9987822423378627
0.997599284899862
0.9902313414372894
0.9928907752037051
0.9980969078400557
0.16390500189219084
0.4890294298529625
0.7557726590894163
0.8017779198976663
0.5477699215483407
0.8440843332897533
0.9849612453709479
0.794237108546203
0.9350594352273383
0.9859020251494185
0.9624177681075202
0.9948369455337526
0.997630048256654
0.96986918648084
0.9875542807579043
0.6096466448955955
0.37159789142424415
0.9946357930699985
0.9979170871817546
0.6518264211521582
0.7427820519214341
0.9196986990670364
0.8956667921287591
0.8000482934768554
0.6678191145620076
0.8421805551177105
0.9021352693544031
0.9868082050234078
0.8242366393407187
0.8905149577530447
0.9493477270007131
0.9637873128645658
0.9713968060634754
0.9874004806791034
0.4547847230186258
0.949952925627048
0.8624493322814957
0.9901533541472062
0.8951574643303095
0.6345778403713579
0.9016776255198887
