0.9947979152202606
0.9931457340717316
0.8675553599993389
0.0
0.9027978281180065
0.0
0.0
0.7569264974445105
0.9813515146573384
0.42298696003854275
0.9827861189842224
0.9615616003672283
0.998747746149699
0.9910851866006851
0.9899432063102722
0.9684423804283142
0.0
0.9926954805850983
0.9755023618539174
0.0
0.9989716211954753
0.0
0.9976837237675984
0.9218558818101883
0.9709571500619252
0.9954659223556519
0.9158804814020793
0.682764545083046
0.9942424893379211
0.0
0.0
0.0
0.0
0.0
0.75389086186058
0.0
0.9052712704646043
0.9972795069217681
0.4849259223119588
0.9939557909965513
0.996584497965299
0.9913929502169291
0.9950719848275185
0.0
0.0
0.9965257604916891
0.9966607008661542
0.910323329269886
0.0
0.0
0.0
0.9968317697445552
0.0
0.9293814718723297
0.0
0.0
0.0
0.9949005494515102
0.0
0.9966670672098796
0.0
0.0
0.0
0.0
0.9902663866678875
0.0
0.0
0.0
0.8441638952839033
0.0
0.9971249832047357
0.9969206312123469
0.0
0.0
0.9090554614667781
0.0
0.9963598591940743
0.0
0.0
0.0
0.0
0.99905204502019
0.0
0.0
0.0
0.0
0.0
0.0
0.0
0.0
0.0
0.0
0.0
0.0
0.0
0.0
0.0
0.0
0.0
0.9975415559915396
0.0
0.9170123436488211
0.0
0.0
0.0
0.0
0.0
0.0
0.0
0.0
0.0
0.0
0.0
0.0
0.0
0.0
0.0
0.0
0.0
0.0
0.0
0.0
0.0
0.0
0.0
0.0
0.0
0.0
0.0
0.0
0.0
0.0
0.0
0.0
0.0
0.0
0.0
0.9146986325581868
0.0
0.0
0.0
0.0
0.0
0.0
0.0
0.0
0.0
0.0
0.9978591054677963
0.0
0.0
0.0
0.0
0.0
0.9432364205519358
0.9979747931162517
0.9448897739251454
0.0
0.0
0.9194141924381256
0.0
0.998740981022517
0.0
0.0
0.0
0.0
0.0
0.0
0.0
0.0
0.0
0.0
0.0
0.0
0.0
0.0
0.0
0.0
0.0
0.0
0.0
0.0
0.0
0.0
0.0
0.0
0.0
0.0
0.0
0.0
0.0
0.0
0.0
0.0
0.0
0.0
0.0
0.0
0.0
0.0
0.0
0.0
0.0
0.0
0.0
0.0
0.0
0.0
0.0
0.0
0.0
0.0
0.0
0.0
0.0
0.0
0.0
0.0
0.0
0.0
0.0
0.0
0.0
