1.0
1.0
1.0
1.0
1.0
1.0
1.0
1.0
1.0
1.0
1.0
1.0
1.0
0.6666666666666666
1.0
1.0
1.0
1.0
1.0
1.0
1.0
1.0
1.0
1.0
1.0
1.0
1.0
1.0
1.0
1.0
1.0
1.0
1.0
0.5
1.0
1.0
1.0
1.0
0.6666666666666666
1.0
1.0
1.0
1.0
1.0
1.0
1.0
1.0
1.0
1.0
1.0
1.0
1.0
1.0
1.0
1.0
1.0
1.0
1.0
1.0
1.0
1.0
1.0
1.0
1.0
1.0
1.0
1.0
1.0
1.0
1.0
1.0
1.0
0.5
0.6666666666666666
1.0
1.0
1.0
1.0
1.0
1.0
1.0
1.0
1.0
1.0
0.8571428571428571
1.0
1.0
1.0
1.0
1.0
1.0
1.0
0.8571428571428571
1.0
1.0
1.0
0.5714285714285715
0.8571428571428571
1.0
0.8571428571428571
1.0
0.0
1.0
0.8571428571428571
1.0
0.888888888888889
1.0
1.0
1.0
1.0
1.0
1.0
0.8571428571428571
1.0
1.0
0.888888888888889
1.0
1.0
1.0
1.0
1.0
1.0
1.0
1.0
0.6666666666666665
0.888888888888889
0.888888888888889
1.0
0.888888888888889
1.0
1.0
1.0
1.0
1.0
1.0
1.0
1.0
0.8000000000000002
1.0
1.0
1.0
1.0
1.0
1.0
1.0
1.0
1.0
1.0
1.0
0.0
0.0
0.0
0.0
1.0
0.0
1.0
0.0
0.0
0.0
1.0
1.0
0.0
0.0
0.8
0.0
0.3333333333333333
0.0
0.28571428571428575
0.0
0.0
0.0
0.0
0.0
0.0
0.5
0.0
0.0
0.5
0.0
0.28571428571428575
0.5714285714285715
0.28571428571428575
0.3333333333333333
0.0
0.0
0.0
0.0
0.8571428571428571
0.09302325581395349
0.15384615384615383
0.3333333333333333
0.3333333333333333
0.0
0.6666666666666665
0.28571428571428575
0.6
0.36363636363636365
0.25
0.0
0.3333333333333333
0.28571428571428575
0.22222222222222224
0.8
0.16666666666666666
0.0
0.0
0.0
0.18181818181818182
0.0
0.0
0.5000000000000001
0.4000000000000001
0.0425531914893617
0.4000000000000001
0.5454545454545454
0.20000000000000004
0.0
0.0
0.15384615384615385
0.0
0.3076923076923077
0.13333333333333333
0.16666666666666666
