1.0
1.0
0.0
0.6666666666666666
1.0
1.0
1.0
0.0
1.0
1.0
1.0
1.0
1.0
0.0
1.0
1.0
1.0
1.0
1.0
1.0
1.0
1.0
1.0
1.0
1.0
1.0
1.0
1.0
1.0
1.0
1.0
1.0
1.0
0.5
1.0
1.0
1.0
1.0
0.8
1.0
1.0
1.0
1.0
0.5
1.0
1.0
1.0
1.0
1.0
1.0
1.0
1.0
1.0
1.0
1.0
1.0
1.0
1.0
1.0
1.0
1.0
1.0
1.0
1.0
1.0
1.0
1.0
1.0
1.0
1.0
1.0
1.0
0.4
0.6666666666666666
0.8571428571428571
1.0
1.0
1.0
0.8571428571428571
1.0
1.0
1.0
1.0
1.0
0.8571428571428571
1.0
1.0
1.0
1.0
1.0
1.0
1.0
0.8571428571428571
1.0
1.0
1.0
0.5714285714285715
0.75
1.0
0.75
1.0
0.5
1.0
0.75
1.0
0.888888888888889
1.0
1.0
1.0
1.0
1.0
1.0
0.8571428571428571
1.0
1.0
1.0
1.0
1.0
1.0
1.0
1.0
1.0
1.0
1.0
0.6666666666666665
0.7272727272727272
1.0
1.0
0.888888888888889
1.0
1.0
1.0
1.0
1.0
1.0
1.0
1.0
0.8000000000000002
1.0
1.0
1.0
1.0
1.0
1.0
1.0
1.0
1.0
0.888888888888889
1.0
0.0
0.0
0.0
0.0
1.0
0.0
1.0
0.0
0.0
0.0
1.0
0.0
0.0
0.0
0.0
0.0
0.4
0.0
0.0
0.0
0.0
0.0
0.0
0.0
0.0
0.0
0.0
0.3333333333333333
0.0
0.0
0.0
0.5714285714285715
0.0
0.0
0.25
0.0
0.0
0.0
0.2222222222222222
0.2
0.4444444444444444
0.5714285714285715
0.0
0.0
0.0
0.0
0.13333333333333333
0.0
0.2
0.0
0.11764705882352941
0.0
0.16666666666666666
0.0
0.22222222222222224
0.16666666666666666
0.0
0.0
0.0
0.0
0.16666666666666666
0.25000000000000006
0.1818181818181818
0.0
0.0
0.0
0.0
0.0
0.15384615384615385
0.26666666666666666
0.0
0.3333333333333333
0.047619047619047616
0.0
