1.0
1.0
0.0
1.0
1.0
1.0
1.0
0.0
1.0
1.0
1.0
1.0
1.0
1.0
1.0
1.0
1.0
1.0
1.0
1.0
1.0
1.0
1.0
1.0
1.0
1.0
1.0
1.0
1.0
1.0
1.0
1.0
0.6666666666666666
0.0
1.0
1.0
0.8
1.0
1.0
1.0
1.0
1.0
1.0
0.0
1.0
1.0
1.0
1.0
0.5
0.4
1.0
1.0
1.0
1.0
1.0
1.0
1.0
1.0
0.6666666666666666
1.0
1.0
0.3333333333333333
0.8571428571428571
1.0
1.0
1.0
0.6666666666666666
1.0
1.0
0.8571428571428571
1.0
1.0
0.6666666666666666
0.8
1.0
0.6666666666666666
0.6666666666666666
1.0
0.7499999999999999
0.5714285714285715
0.8571428571428571
1.0
0.7499999999999999
1.0
1.0
1.0
0.6666666666666666
1.0
1.0
1.0
1.0
1.0
0.75
0.8
0.7272727272727273
0.5
0.8571428571428571
1.0
0.0
1.0
0.5
0.75
0.25
0.5714285714285715
1.0
1.0
0.25
1.0
0.5
0.75
1.0
1.0
0.6666666666666665
0.8571428571428571
1.0
0.8571428571428571
1.0
0.7272727272727273
1.0
0.6666666666666665
1.0
0.9090909090909091
0.7499999999999999
0.8333333333333333
0.888888888888889
0.8333333333333333
0.6666666666666666
0.6666666666666665
0.6666666666666666
0.8000000000000002
1.0
0.4000000000000001
1.0
1.0
1.0
0.6
0.5714285714285715
1.0
1.0
0.6666666666666665
0.6666666666666665
0.9090909090909091
1.0
1.0
1.0
1.0
0.6666666666666665
1.0
1.0
1.0
1.0
1.0
0.33333333333333337
1.0
1.0
1.0
1.0
0.6666666666666666
1.0
1.0
0.0
1.0
0.0
0.0
1.0
0.5
1.0
1.0
1.0
0.5
0.8
0.6666666666666666
0.5
0.5
0.0
1.0
0.5
0.6666666666666666
0.3333333333333333
0.5
0.6666666666666666
1.0
0.0
0.0
0.5714285714285715
0.7499999999999999
1.0
0.8571428571428571
0.8571428571428571
1.0
1.0
0.0
0.6666666666666666
1.0
0.6666666666666665
0.4444444444444445
0.0
0.0
0.0
0.6666666666666665
0.5
0.75
0.6666666666666665
0.5
0.3333333333333333
0.22222222222222224
0.5714285714285715
0.5714285714285715
0.6
0.4444444444444445
0.4444444444444445
0.8000000000000002
0.3076923076923077
0.6
0.3076923076923077
0.20000000000000004
0.0
0.5454545454545454
0.888888888888889
0.20000000000000004
0.5
0.7692307692307693
0.6
