1.0
1.0
0.0
1.0
1.0
1.0
1.0
1.0
1.0
1.0
1.0
1.0
1.0
1.0
1.0
1.0
1.0
1.0
1.0
1.0
1.0
1.0
1.0
1.0
1.0
1.0
1.0
1.0
1.0
1.0
0.5
1.0
1.0
0.5
1.0
1.0
1.0
1.0
1.0
1.0
1.0
1.0
0.5
0.5
1.0
1.0
1.0
1.0
0.3333333333333333
1.0
1.0
1.0
1.0
1.0
1.0
1.0
1.0
1.0
0.5
1.0
1.0
1.0
1.0
1.0
1.0
1.0
1.0
1.0
1.0
1.0
1.0
1.0
1.0
1.0
1.0
0.6666666666666666
0.6666666666666666
1.0
1.0
1.0
1.0
1.0
1.0
1.0
1.0
1.0
1.0
1.0
1.0
1.0
0.8
1.0
0.5
1.0
0.8
1.0
0.3333333333333333
1.0
0.0
1.0
0.5
0.42857142857142855
0.5
0.6666666666666666
1.0
1.0
0.4
1.0
0.75
0.75
1.0
1.0
0.75
1.0
1.0
0.6
0.75
0.4444444444444444
1.0
0.5
1.0
1.0
1.0
1.0
1.0
1.0
0.7142857142857143
0.8
0.625
0.75
1.0
0.4
0.8
1.0
0.16666666666666666
0.5
1.0
1.0
1.0
0.6
1.0
0.5714285714285714
0.8
1.0
1.0
1.0
1.0
1.0
1.0
1.0
1.0
1.0
0.0
1.0
1.0
1.0
1.0
0.5
0.5
1.0
0.0
1.0
0.0
1.0
1.0
1.0
1.0
1.0
1.0
1.0
1.0
0.6666666666666666
0.5
0.5
0.0
1.0
0.6666666666666666
0.0
1.0
0.4
0.6666666666666666
0.3333333333333333
0.25
0.0
0.5
0.6
1.0
0.3333333333333333
0.0
0.75
1.0
0.0
1.0
1.0
1.0
0.75
0.0
0.0
0.0
1.0
0.0
0.75
0.6
0.6666666666666666
0.5
0.5
0.6666666666666666
0.5
0.5
0.3333333333333333
0.75
0.75
0.4
0.3333333333333333
0.0
0.3333333333333333
0.2
0.3333333333333333
0.8
0.25
0.6666666666666666
0.8
0.4
