1.0
1.0
1.0
1.0
1.0
1.0
1.0
1.0
1.0
1.0
1.0
1.0
1.0
0.0
1.0
1.0
1.0
1.0
1.0
1.0
1.0
1.0
1.0
1.0
1.0
1.0
1.0
1.0
1.0
1.0
1.0
1.0
1.0
0.5
1.0
1.0
1.0
1.0
1.0
1.0
1.0
1.0
1.0
1.0
1.0
1.0
1.0
1.0
1.0
1.0
1.0
1.0
1.0
1.0
1.0
1.0
1.0
1.0
1.0
1.0
1.0
1.0
1.0
1.0
1.0
1.0
1.0
1.0
1.0
1.0
1.0
1.0
0.5
0.6666666666666666
1.0
1.0
1.0
1.0
1.0
1.0
1.0
1.0
1.0
1.0
0.75
1.0
1.0
1.0
1.0
1.0
1.0
1.0
1.0
1.0
1.0
1.0
0.6666666666666666
1.0
1.0
1.0
1.0
0.5
1.0
1.0
1.0
0.8
1.0
1.0
1.0
1.0
1.0
1.0
1.0
1.0
1.0
0.75
1.0
1.0
1.0
1.0
1.0
1.0
1.0
1.0
0.75
0.8
1.0
1.0
1.0
1.0
1.0
0.8333333333333334
1.0
1.0
1.0
1.0
1.0
0.8
1.0
1.0
1.0
1.0
1.0
1.0
1.0
1.0
1.0
1.0
1.0
0.0
1.0
0.0
0.0
1.0
0.0
1.0
0.0
0.0
0.0
1.0
1.0
0.0
0.0
0.6666666666666666
0.0
0.5
0.5
0.5
0.0
0.5
0.0
0.0
0.0
0.5
0.5
0.0
0.0
0.0
0.2857142857142857
0.3333333333333333
0.5
0.25
0.3333333333333333
0.5
0.0
0.0
0.0
0.5
0.3333333333333333
0.2857142857142857
0.6
0.5
0.6666666666666666
0.5
0.3333333333333333
0.2
0.2
0.2
0.0
0.3333333333333333
0.16666666666666666
0.0
0.6666666666666666
0.14285714285714285
0.0
0.0
0.4
0.14285714285714285
0.5
0.0
0.3
0.2
0.0
0.2
0.6
0.0
0.0
0.42857142857142855
0.3333333333333333
0.0
0.16666666666666666
0.1111111111111111
0.0
