1.0
1.0
1.0
1.0
1.0
1.0
1.0
1.0
1.0
1.0
1.0
1.0
1.0
0.0
1.0
1.0
1.0
1.0
1.0
1.0
1.0
1.0
1.0
1.0
1.0
1.0
1.0
1.0
1.0
1.0
1.0
1.0
1.0
0.5
1.0
1.0
1.0
1.0
0.6666666666666666
1.0
1.0
1.0
1.0
1.0
1.0
1.0
1.0
1.0
1.0
1.0
1.0
1.0
1.0
1.0
1.0
1.0
1.0
1.0
1.0
1.0
1.0
1.0
1.0
1.0
1.0
1.0
1.0
1.0
1.0
1.0
1.0
1.0
0.4
0.6666666666666666
1.0
1.0
1.0
1.0
1.0
1.0
1.0
1.0
1.0
1.0
0.8571428571428571
1.0
1.0
1.0
1.0
1.0
1.0
1.0
0.8571428571428571
1.0
0.8571428571428571
1.0
0.5714285714285715
0.8571428571428571
1.0
0.8571428571428571
1.0
0.5
1.0
1.0
1.0
0.888888888888889
1.0
1.0
1.0
1.0
1.0
1.0
0.8571428571428571
1.0
1.0
0.75
1.0
1.0
1.0
1.0
1.0
1.0
1.0
1.0
0.6666666666666665
0.888888888888889
0.888888888888889
0.888888888888889
0.888888888888889
1.0
1.0
0.9090909090909091
1.0
1.0
1.0
1.0
1.0
0.8000000000000002
1.0
1.0
1.0
1.0
1.0
1.0
1.0
1.0
1.0
0.888888888888889
1.0
0.0
1.0
0.0
0.0
1.0
0.0
1.0
0.0
0.0
0.0
1.0
1.0
0.0
0.0
0.8
0.0
0.5
0.5
0.5
0.0
0.5
0.0
0.0
0.0
0.5
0.5
0.0
0.0
1.0
0.2222222222222222
0.6666666666666666
0.8571428571428571
0.0
0.3333333333333333
0.4
0.0
0.0
0.28571428571428575
0.7499999999999999
0.4444444444444444
0.4444444444444444
0.3333333333333333
0.5714285714285715
0.3333333333333333
0.4
0.28571428571428575
0.0
0.0
0.4444444444444445
0.0
0.30769230769230765
0.22222222222222224
0.22222222222222224
0.6666666666666666
0.18181818181818182
0.2
0.16666666666666666
0.4444444444444445
0.16666666666666666
0.4444444444444445
0.0
0.5714285714285714
0.6666666666666665
0.0
0.4000000000000001
0.5454545454545454
0.0
0.0
0.1818181818181818
0.5333333333333333
0.14285714285714285
0.16666666666666666
0.0909090909090909
0.0
