0.9762247800827026
0.9099180102348328
0.0039046616293489933
0.9893888831138611
0.8072782158851624
0.9733923673629761
0.9694949984550476
0.9718331098556519
0.9767076373100281
0.7932586073875427
0.8669917583465576
0.6160998344421387
0.9719764590263367
0.8754127621650696
0.9837212562561035
0.9842529892921448
0.908783495426178
0.9929157495498657
0.9853293299674988
0.9928881525993347
0.9819190502166748
0.7989321947097778
0.9854177236557007
0.9771451950073242
0.9367625117301941
0.9877024292945862
0.9825480580329895
0.8565338253974915
0.9634024500846863
0.9765452742576599
0.9825875759124756
0.9889927506446838
0.9901160299777985
0.4930499894544482
0.9843698441982269
0.9808939695358276
0.7303174734115601
0.8961457908153534
0.4935148407239467
0.9820694029331207
0.548705630004406
0.977448046207428
0.9727941751480103
0.9877119064331055
0.9442972838878632
0.9871065318584442
0.8788410425186157
0.9199490547180176
0.9821012318134308
0.964635044336319
0.9791973531246185
0.9770128428936005
0.8802787959575653
0.8666302859783173
0.9787390530109406
0.9868962168693542
0.9778695702552795
0.9859299659729004
0.00778697500936687
0.974208265542984
0.9322516719500223
0.9771578709284464
0.8890713651974996
0.9708376526832581
0.9855183362960815
0.9383711020151774
0.9200733304023743
0.5196654225389162
0.9012963573137919
0.9855743050575256
0.9636496702829996
0.9888513286908468
0.4372968915849924
0.3401367347687483
0.9016265074412028
0.7900648216406504
0.9708606600761414
0.9779996077219645
0.9690409104029337
0.896241307258606
0.9705002705256144
0.945242166519165
0.7006958574056625
0.9521313508351644
0.9678480625152588
0.9896399776140848
0.9738019903500875
0.8906726837158203
0.862261970837911
0.8044726252555847
0.8973477184772491
0.9383243173360825
0.7003160305321217
0.8358062580227852
0.9046171754598618
0.735244472976774
0.5437702005729079
0.7286179090151563
0.8371586054563522
0.7211134879034944
0.9740938097238541
0.34852889826288447
0.9810797274112701
0.7053092042915523
0.9521551579236984
0.9525305777788162
0.9249595105648041
0.8876920193433762
0.9679644554853439
0.9779752790927887
0.8645727038383484
0.8667710274457932
0.7225924853992183
0.8518819659948349
0.7277937835897319
0.6666412847407628
0.983144000172615
0.969003438949585
0.9787262231111526
0.7018326008692384
0.9286341667175293
0.9409926176071167
0.89900883436203
0.8730996668338775
0.6111456017009914
0.878881299495697
0.7628958821296692
0.7805138930678368
0.7085097871720791
0.9809877872467041
0.7736165335401892
0.9451233148574829
0.8362797021865844
0.9131849527359008
0.7734427809715271
0.9457989931106567
0.9623900532722474
0.7067451270297169
0.9281089544296265
0.8736852824687957
0.9384560704231262
0.8534189701080322
0.9763279318809509
0.9835616111755371
0.9393064856529236
0.97042475938797
0.7122777536511421
0.7357634529471397
0.7495442628860474
0.1007830798625946
0.11672735959291458
0.00582942133769393
0.8941543102264404
0.7238693237304688
0.02191408909857273
0.8701854944229126
0.06154727190732956
0.9108184576034546
0.1480977088212967
0.830295741558075
0.16483500599861145
0.2134581059217453
0.050650082528591156
0.6605301797389984
0.09270349377766252
0.48972147097811103
0.2706223800778389
0.03570475825108588
0.10017032735049725
0.06812905729748309
0.29827135242521763
0.06663641706109047
0.02308461396023631
0.5217936784029007
0.39197332318872213
0.24552310910075903
0.10420595854520798
0.1499372818507254
0.2712691972653071
0.1401211159924666
0.6922800441582998
0.01728562295708495
0.04813549046715101
0.13119633619983992
0.04393707339962324
0.0610181155304114
0.07412296968201797
0.535801519950231
0.5379317477345467
0.1592514499401053
0.05585245539744695
0.19962550016740957
0.14785438776016235
0.344481835141778
0.16833417720044963
0.13618847634643316
0.021216518012806773
0.38141761906445026
0.03966188803315163
0.2418691422790289
0.048751255264505744
0.02721891412511468
0.38484594225883484
0.16600140230730176
0.036942141712643206
0.23261948651634157
0.11510759673547
0.4719164986163378
0.07828244213014841
0.03207661584019661
0.04902016744017601
0.2001004133373499
0.33527558352798226
0.11751818880438805
0.30473618898540733
0.1840655508916825
0.10252895019948483
0.1644452542066574
0.25884581804275514
0.021533912047743797
0.2224607490003109
0.07807794585824013
0.03220719378441572
