0.9724535346031189
0.014437487348914146
0.013256028294563293
0.5915910005569458
0.8848850727081299
0.981590986251831
0.9694949984550476
0.004058935679495335
0.9270205497741699
0.7932586073875427
0.37902453541755676
0.47165581583976746
0.9370291233062744
0.16491982340812683
0.9823400974273682
0.9779351949691772
0.007792978547513485
0.9927494525909424
0.9115759134292603
0.007915716618299484
0.9800665378570557
0.9143397212028503
0.9854177236557007
0.02059032768011093
0.9367625117301941
0.9905480742454529
0.8363279104232788
0.5236905217170715
0.9640954732894897
0.9774772524833679
0.9851305782794952
0.4948393078520894
0.9883347451686859
0.5024158880114555
0.32988275960087776
0.490020751953125
0.9167914688587189
0.9729968905448914
0.03887560241855681
0.9820694029331207
0.9650371968746185
0.9744264781475067
0.9670259654521942
0.9868763387203217
0.9710131287574768
0.9868256449699402
0.8788410425186157
0.9133682250976562
0.011789970158133656
0.49542360837222077
0.4868926629424095
0.49761604284867644
0.4452529181726277
0.5501583144068718
0.9787390530109406
0.9868962168693542
0.011514581739902496
0.9859299659729004
0.004832293023355305
0.9659142792224884
0.9602166811625162
0.3584022724535316
0.6681050776193539
0.686965192357699
0.6859191978971163
0.5930106937885284
0.6090342637617141
0.6568649314964811
0.29515129937014234
0.5824026350164786
0.6453856352406243
0.32740023258763057
0.008398410553733507
0.6467220472792784
0.5226500475158294
0.5005420812716087
0.6622841268156966
0.9783898194630941
0.6403397402415673
0.07047457247972488
0.3671773125727971
0.6352688187810903
0.354907700791955
0.8572021126747131
0.3258974168760081
0.6598246318753809
0.9824475844701132
0.28321456256283756
0.32710919870684546
0.32802522225150216
0.5376102027948946
0.9532143175601959
0.7364376112818718
0.7699990943074226
0.8297475874423981
0.4858863769331947
0.25550792925059795
0.48076945228967816
0.1920597602147609
0.2462673855770845
0.972508579492569
0.3476945796574
0.873585894703865
0.9465417712926865
0.9494679570198059
0.49346687365323305
0.6864610332995653
0.21538374404190108
0.4368357118219137
0.7322068763896823
0.9039602130651474
0.8864050209522247
0.4967073045845609
0.5540658829850145
0.7253415030718315
0.29330126696731895
0.7438442828133702
0.9795575588941574
0.9652316570281982
0.28430313244462013
0.9456575155258179
0.7573273856192827
0.8016547620296478
0.6186787325888872
0.3687172070611268
0.6567753525450826
0.8204924464225769
0.5983782541006804
0.5172840263694525
0.9553150534629822
0.7034678265452385
0.40213875444605945
0.6527564834803343
0.0037853232875932007
0.010594182554632426
0.9014826536178588
0.7792348716408014
0.573936678096652
0.7630292514688335
0.6028515172190965
0.8233000427484513
0.7819902002811432
0.7474807098507881
0.7900275491178036
0.8300936281681061
0.9553752660751342
0.53939030431211
0.7696888444945216
0.06459065526723862
0.10577551275491714
0.20900791883468628
0.23614096641540527
0.17843103408813477
0.8228879570960999
0.09526919573545456
0.029538681730628014
0.23614436388015747
0.28491151332855225
0.3388075530529022
0.73046875
0.20010508596897125
0.07174988836050034
0.14748533070087433
0.09435087069869041
0.030190035700798035
0.09466750919818878
0.05288197845220566
0.10457457974553108
0.013402412179857492
0.1469145193696022
0.11239114217460155
0.3188360333442688
0.056039197370409966
0.06675372272729874
0.1386263743042946
0.4533698186278343
0.013587350957095623
0.12843678891658783
0.14268761624892554
0.05892654756704966
0.023396168525020283
0.031770236479739346
0.08666138102610906
0.07657324771086375
0.15696189055840173
0.10268223037322362
0.2739218771457672
0.056510228430852294
0.045853548760836325
0.03020017423356573
0.01983272098004818
0.1493156428138415
0.11460418502489726
0.04648805654142052
0.027970767579972744
0.07633958372753114
0.05820907931774855
0.06331104831770062
0.13011770509183407
0.17692803591489792
0.08246968686580658
0.030857527162879705
0.3088281825184822
0.13668656535446644
0.01742796180769801
0.051011537201702595
0.10578715801239014
0.047506337403319776
0.09015006795525551
0.012896000500768423
0.04907893128693104
0.012018931983038782
0.010534212179481982
0.0636294917203486
0.01564653208479285
0.07198874279856682
0.13958147317171096
0.06289287731051445
0.006188915017992258
0.03991815014742315
0.15029900521039963
0.16499278992414473
0.12341327192261815
