0.9844502806663513
0.7954275012016296
0.9870266318321228
0.015126008540391922
0.8072782158851624
0.9669780135154724
0.9694949984550476
0.5723511576652527
0.9767076373100281
0.8327730894088745
0.9614433646202087
0.5788170695304871
0.9681082963943481
0.9517132639884949
0.9805733561515808
0.9779351949691772
0.9214208722114563
0.9927494525909424
0.9202327728271484
0.03934253752231598
0.9800665378570557
0.19873514771461487
0.9843649864196777
0.9761362075805664
0.9367625117301941
0.978563129901886
0.975548505783081
0.5236905217170715
0.9640954732894897
0.9774772524833679
0.9836594462394714
0.66278375685215
0.9880938827991486
0.4881722144782543
0.9835686683654785
0.9622418582439423
0.937131941318512
0.9627847671508789
0.8070046007633209
0.9820694029331207
0.9658674001693726
0.9744264781475067
0.966742604970932
0.985387921333313
0.9571634232997894
0.9841745495796204
0.8788410425186157
0.9133682250976562
0.9746803641319275
0.9770802855491638
0.9783540964126587
0.9780699908733368
0.8167283236980438
0.8055586814880371
0.6917521506547928
0.987171471118927
0.9409938156604767
0.9831274151802063
0.005324749741703272
0.9594549238681793
0.8052358826001486
0.8694369196891785
0.6681050776193539
0.9709887901941935
0.9837099313735962
0.9487295349438986
0.7900242308775584
0.6073401495814323
0.9486731688181559
0.7265538424253464
0.9352656801541647
0.9770523905754089
0.8448941508928934
0.5203846444686254
0.9159243305524191
0.47793286728362244
0.978305995464325
0.9799498319625854
0.9853079716364542
0.9128592411677042
0.660390262802442
0.9201084971427917
0.7917954921722412
0.8572021126747131
0.7398763000965118
0.9289504686991373
0.9814884662628174
0.9113015929857889
0.906555155913035
0.7517110506693522
0.7945326194167137
0.7772325091063976
0.970758780837059
0.7366910772398114
0.8096009194850922
0.6968440715718316
0.7812208235263824
0.8843080103397369
0.8361331671476364
0.7142473816638812
0.9762844741344452
0.011928102801903151
0.7390791841899045
0.9592767804861069
0.9609269946813583
0.6225512265227735
0.8614084124565125
0.6243994651595131
0.7216771729290485
0.9706370830535889
0.9274285733699799
0.8198225125670433
0.9830763190984726
0.5643355585634708
0.7232305454381276
0.31135083961999044
0.9602575451135635
0.9350670427083969
0.9780299216508865
0.7024525217711926
0.9421670794486999
0.9247198700904846
0.922808575630188
0.9537305235862732
0.852628493309021
0.8615922808647156
0.7875742159783841
0.8072570413351059
0.47616837322711947
0.9799131512641907
0.7623292634729296
0.7185640539973974
0.5329680889844894
0.6983481557574123
0.4916801156534348
0.8556864202022553
0.8218962728977204
0.5563080529682338
0.6997400737367571
0.9096597671508789
0.7042119186371565
0.44839089512825014
0.9381883859634399
0.983330225944519
0.8456311762332916
0.9588260889053345
0.23716354570351542
0.7760145464912057
0.988706111907959
0.03808412328362465
0.12128672003746033
0.686012864112854
0.5559552907943726
0.7900233268737793
0.9308806657791138
0.9913561344146729
0.0015192630235105753
0.9109603762626648
0.7609160542488098
0.6990514397621155
0.18816803395748138
0.4288133978843689
0.11889491975307465
0.9446710348129272
0.9753137826919556
0.34431868558749557
0.7275591194629669
0.9802604913711548
0.9044348001480103
0.9163617491722107
0.9401645064353943
0.9599774181842804
0.6229986101388931
0.7222515940666199
0.6971389651298523
0.9797380864620209
0.9390381574630737
0.4960663318634033
0.4491686448454857
0.6535106201966604
0.6537222956152012
0.6943779935439428
0.7125141223271688
0.636474221944809
0.6028058926264445
0.8989396890004476
0.9128410418828329
0.6579170227050781
0.6360559662183126
0.6416580577691396
0.48411003112172085
0.671689510345459
0.4469572777549426
0.7215046156197786
0.467026193626225
0.41480388306081295
0.7315201421733946
0.5749221667647362
0.6124506816267967
0.5236627040430903
0.5793100991286337
0.5143820829689503
0.752440020442009
0.8251681327819824
0.3174210792640224
0.5251498259603977
0.9138918519020081
0.7118391618132591
0.6649982839822769
0.6433100253343582
0.695353901386261
0.27586888885125516
0.3280196919105947
0.26875508185476066
0.3496301941107959
0.5641716867685318
0.3687058940529823
0.77457256866619
0.5517409592866898
0.5924373348243535
0.5656844854354859
0.44221005849540235
0.4302050068974495
