0.9844502806663513
0.4647376537322998
0.9906258583068848
0.9570903778076172
0.8848850727081299
0.9201825857162476
0.9604892730712891
0.03287343308329582
0.12761405110359192
0.7932586073875427
0.88067227602005
0.47165581583976746
0.9713627696037292
0.1029067412018776
0.9822722673416138
0.9700261950492859
0.9058398604393005
0.9929157495498657
0.9115759134292603
0.05691125616431236
0.9800665378570557
0.8148022890090942
0.9894335865974426
0.025135500356554985
0.9367625117301941
0.004128873348236084
0.9757181406021118
0.35260021686553955
0.9500690698623657
0.9774772524833679
0.9883491098880768
0.6641014963388443
0.9883347451686859
0.4940650938078761
0.5100464280694723
0.4044653885066509
0.5414306744933128
0.8961457908153534
0.49672116921283305
0.9793154895305634
0.9637621343135834
0.9744264781475067
0.96391561627388
0.9824509918689728
0.9628065228462219
0.9805998504161835
0.8483507037162781
0.9298079907894135
0.9547994434833527
0.9591555595397949
0.9798912703990936
0.4876749524846673
0.005154896178282797
0.9348720014095306
0.9721727967262268
0.9878529608249664
0.009354959474876523
0.9857660233974457
0.008681542705744505
0.9659142792224884
0.7890422642230988
0.6561740022152662
0.6730192874868711
0.9642346898714701
0.9875676234563192
0.6389986034482718
0.601722644486775
0.3368446563060085
0.29278822262616205
0.6722181824346384
0.6626650945593914
0.9787476261456808
0.28161653596907854
0.35554658047234017
0.508674298102657
0.0802393180007736
0.3419428250441949
0.653437884291634
0.6443895837292075
0.3752294306953748
0.36799363357325393
0.6436930667841807
0.01169451947013537
0.9262756705284119
0.4106967207044363
0.9388653437296549
0.982049564520518
0.01767761803542574
0.9012070496877035
0.4080530172213912
0.5909829146694392
0.7379601690918207
0.9766520410776138
0.7327852565795183
0.8323995471000671
0.4871991680120118
0.254172379092779
0.7093115586321801
0.6917928364127874
0.4002977190539241
0.5404017911059782
0.02900413639144972
0.4954626460094005
0.9511963427066803
0.9534660428762436
0.7374286518897861
0.6725038916920312
0.4879746555816382
0.7320369561202824
0.7341618789359927
0.9553008675575256
0.8923591673374176
0.9837963879108429
0.865881621837616
0.7277937835897319
0.4932115219999105
0.9829160273075104
0.7613315545022488
0.32109941192902625
0.5215219333767891
0.8286345779895783
0.42581113800406456
0.8621902823448181
0.29229303896427156
0.3898389032110572
0.2448732778429985
0.9535369277000427
0.9777313590049743
0.4013280580053106
0.9553150534629822
0.5886699313297867
0.42258047088980677
0.6625862648710609
0.583317042607814
0.3727552657714114
0.752961952984333
0.7746357783675194
0.5593996508512646
0.7749653222970665
0.8959583044052124
0.455174361448735
0.7577768951654434
0.7849822342395782
0.985001540184021
0.7542727635707707
0.9526494979858399
0.6055776776745916
0.7767617978155613
0.08130570501089096
0.9707689881324768
0.9721735119819641
0.9811806678771973
0.006319212727248669
0.8228879570960999
0.023022115230560303
0.008196495473384857
0.15455858409404755
0.9720640778541565
0.9514381885528564
0.09106961637735367
0.9908237457275391
0.12272199243307114
0.9884864091873169
0.027161783073097467
0.01364399865269661
0.09229269996285439
0.011034853057935834
0.08950509130954742
0.011913614813238382
0.9240259230136871
0.6008778437972069
0.9756231606006622
0.9869515597820282
0.9859442710876465
0.9897664785385132
0.1058366522192955
0.15599358174949884
0.9907684624195099
0.9743015170097351
0.03173018991947174
0.04046825940410296
0.030279880700012047
0.9826352794965109
0.9807426532109579
0.9415544072786967
0.6945107579231262
0.8479926586151123
0.286839058312277
0.23153564364959797
0.03246713119248549
0.16842233568119505
0.9379486640294393
0.24867866126199564
0.27160904451739043
0.08322291355580091
0.09055308537790552
0.016430428018793464
0.9868047684431076
0.9888727068901062
0.975773498415947
0.9654202610254288
0.39227102883160114
0.5127311735413969
0.738269567489624
0.33217889931984246
0.09445683204103261
0.11732978839427233
0.65632459288463
0.943804657459259
0.05148704182356596
0.030932847503572704
0.15544647127389907
0.022602126747369767
0.03851022319868207
0.01586759453639388
0.1413555521517992
0.975589108467102
0.0157415222376585
0.07806682928930968
0.05657363347709179
0.6133319836109876
0.9086646795272827
0.5305427633225918
