0.9844502806663513
0.9430031180381775
0.08758747577667236
0.11615711450576782
0.8848850727081299
0.9744540452957153
0.9553055763244629
0.9857893586158752
0.9767076373100281
0.9757461547851562
0.9550633430480957
0.5788170695304871
0.9770382642745972
0.970824122428894
0.9825484752655029
0.983864963054657
0.02588508464396
0.9929157495498657
0.9115759134292603
0.41411107778549194
0.9790922403335571
0.8613057136535645
0.9854177236557007
0.9773420691490173
0.9726393818855286
0.9878188371658325
0.975548505783081
0.5236905217170715
0.9801484942436218
0.4293946623802185
0.7350037097930908
0.6723723262548447
0.49297317466698587
0.5438128933310509
0.906255453824997
0.9786973297595978
0.8606685400009155
0.9554837942123413
0.9497807323932648
0.9709931313991547
0.9548863470554352
0.09487272426486015
0.9203186929225922
0.6808338761329651
0.9336853325366974
0.9871065318584442
0.8947113752365112
0.9315013885498047
0.6502599567174911
0.8224717080593109
0.9706310033798218
0.9755254983901978
0.8758211135864258
0.6144268363714218
0.7986539006233215
0.9878529608249664
0.4623093903064728
0.9890725910663605
0.06745278090238571
0.9672930836677551
0.9493335684140524
0.2221616955163578
0.8216506242752075
0.9550873239835104
0.9839166204134623
0.9264193773269653
0.7586635152498881
0.4884933593372504
0.8427125016848246
0.9211593866348267
0.9729280670483907
0.9838836789131165
0.6642108963181576
0.5326110323270162
0.762377917766571
0.1543495481212934
0.7761107285817465
0.9316725532213846
0.9484326839447021
0.79940465092659
0.7031247466802597
0.951549768447876
0.6830568214257559
0.9626490672429403
0.6726633061965307
0.5502724746863047
0.9759094516436259
0.5672387977441152
0.9356889526049296
0.8469225168228149
0.9071689248085022
0.9399524182081223
0.7561311572790146
0.7882552854716778
0.8149399235844612
0.24294502520933747
0.737772879190743
0.7418315317481756
0.13131192326545715
0.9482500404119492
0.5221279901452363
0.33497234678361565
0.4299544068053365
0.5319130476564169
0.970713198184967
0.6796966046094894
0.4828236475586891
0.817824237048626
0.7762268260121346
0.8497420400381088
0.865760087966919
0.5232596172718331
0.7298293940839358
0.3137798187090084
0.7482140958309174
0.46070140023948625
0.6905841454863548
0.8956977725028992
0.9640254080295563
0.31749411864439026
0.9414771914482116
0.957294476032257
0.6518371261656284
0.7206579595804214
0.637051847577095
0.5931242644786835
0.7268411295488477
0.6103464342653752
0.24749710448086262
0.6248966433107853
0.5628765750210732
0.13773293495178224
0.7199854187667369
0.5326424088329077
0.7101907633244992
0.5696549570187927
0.6053163420408965
0.9100034475326538
0.9364534378051758
0.24458980839699507
0.49079337939620016
0.6959755778312683
0.6818864196538925
0.9833122253417969
0.8655006647109985
0.7624961033463478
0.40435396283864977
0.7291813239455223
0.988706111907959
0.8708438277244568
0.8461176156997681
0.9615691304206848
0.7322006225585938
0.8156328201293945
0.9168362617492676
0.9870901703834534
0.9872744083404541
0.9438019394874573
0.9512975215911865
0.9621168375015259
0.8334082961082458
0.9795342683792114
0.6952579021453857
0.21530189458280802
0.9829036295413971
0.4871026680339128
0.12881914153695107
0.6028301045298576
0.2715039476752281
0.8490041792392731
0.8594262599945068
0.9678221344947815
0.6387137174606323
0.6597724705934525
0.5631655901670456
0.978407621383667
0.7659940421581268
0.20551180839538574
0.2956290828684966
0.5772791287551323
0.6508624727721326
0.9319960077603658
0.6335231314102808
0.5214398492438098
0.5538655531903108
0.8953824838002523
0.8697242339452108
0.36976033449172974
0.348558634519577
0.6380571040014426
0.3731475661431129
0.07453989734252293
0.24198503171404204
0.15341385174542665
0.6249668076634407
0.4287131766323
0.2413641659077257
0.47392386198043823
0.404759022872895
0.7030543034197763
0.2911812989041209
0.6881436705589294
0.48417255957610905
0.49704143428243697
0.23897024826146662
0.34276317339390516
0.4440702563151717
0.5885462216101587
0.23854251727461814
0.21765014957636594
0.33341288957744836
0.4674604056403041
0.317765874043107
0.26946419309824704
0.2959341423586011
0.21998294536024332
0.5536740764975547
0.47529884036630393
0.5587459844537079
0.3227296693250537
0.5672880720579997
0.7596430838108063
0.7432452917099
