0.9901056885719299
0.0689002051949501
0.1631513237953186
0.3009728491306305
0.9429329633712769
0.9800307154655457
0.9587042927742004
0.8339512348175049
0.9659203886985779
0.8003610968589783
0.9406616687774658
0.059818848967552185
0.9638219475746155
0.9479769468307495
0.9765768647193909
0.9779351949691772
0.20348359644412994
0.7192633748054504
0.9891055226325989
0.16071496903896332
0.9790922403335571
0.9027115702629089
0.40629783272743225
0.9773420691490173
0.6760316491127014
0.9810856580734253
0.9465056657791138
0.834684431552887
0.9557331204414368
0.43387317657470703
0.986903578042984
0.9857080578804016
0.4770688337739557
0.7099602222442627
0.8503032326698303
0.8840984106063843
0.5133595988154411
0.9259501397609711
0.937706470489502
0.9793154895305634
0.6206063032150269
0.16327955573797226
0.9108890891075134
0.9832937121391296
0.9765212833881378
0.9876816272735596
0.5718381404876709
0.6073875576257706
0.9752950966358185
0.9838619530200958
0.9773608446121216
0.969392329454422
0.5024350639432669
0.571589395403862
0.9814362823963165
0.9871401488780975
0.8507909774780273
0.9856281280517578
0.009526804322376847
0.966614305973053
0.9624653259913126
0.6406530127860606
0.5604058826963106
0.9248600204785665
0.983598013718923
0.8912717501322428
0.8668749928474426
0.8227850794792175
0.8300730387369791
0.7211178044478098
0.688583254814148
0.9715484976768494
0.6609849785454571
0.7321856915950775
0.6320116892457008
0.4158007272829612
0.4559753366435568
0.9693365891774496
0.6470764249873658
0.6415584683418274
0.9008368055025736
0.8856509327888489
0.7390384674072266
0.939523975054423
0.6553236603115996
0.963117778301239
0.9811291098594666
0.5342441300551096
0.21566277214636406
0.4076649496952693
0.8976592570543289
0.9661581665277481
0.7074995851144195
0.8479423448443413
0.9738235920667648
0.36652988474816084
0.9900663942098618
0.9679617881774902
0.28815155883785337
0.9129249006509781
0.9750868529081345
0.8298861533403397
0.9345592856407166
0.862369105219841
0.8853074908256531
0.7292582039954141
0.9212842136621475
0.7493013814091682
0.9509395062923431
0.9436228573322296
0.7900168709456921
0.8810848146677017
0.9451652020215988
0.5546775124967098
0.6845007227966562
0.5151855901058298
0.933478444814682
0.7349718566983938
0.9627905040979385
0.6729965358972549
0.821715670824051
0.8805529236793518
0.8868193864822388
0.8395057141780853
0.73518967628479
0.7215945690870285
0.7722667595837265
0.7780572653282434
0.583344383444637
0.770855119638145
0.7647923257434741
0.9370411515235901
0.7722989201545716
0.8826962232589721
0.7036590725183487
0.9559401154518128
0.9546379208564758
0.909060263633728
0.7495168365538121
0.8975356459617615
0.9632908701896667
0.6379787415266037
0.5217208702117204
0.9826400279998779
0.9586897730827332
0.9797577500343323
0.6740374207496643
0.7690687762573362
0.988706111907959
0.23395808041095734
0.326018363237381
0.39297571778297424
0.37050431966781616
0.2618144452571869
0.9047333598136902
0.9697665572166443
0.0017126173479482532
0.2210414707660675
0.4055633842945099
0.5824729800224304
0.16743941605091095
0.9880810976028442
0.1868813931941986
0.9742043614387512
0.9840998947620392
0.9844419658184052
0.2522251382470131
0.9561319351196289
0.8054356575012207
0.31697726249694824
0.6192844957113266
0.4989059157669544
0.14149541407823563
0.13645277172327042
0.21540706604719162
0.9768402576446533
0.4965856014750898
0.17705226689577103
0.7590128978093466
0.6651612917582194
0.8197941780090332
0.6277921131501595
0.2041532645622889
0.1549352159102758
0.3574776028593381
0.35564609554906684
0.34681761885682744
0.3610412074873845
0.34415598834554356
0.8207860191663107
0.4716901512971769
0.2293004890282949
0.7359476387500763
0.4510070187970996
0.49408997409045696
0.7228643223643303
0.499428414972499
0.2833951083011925
0.22222690284252167
0.16931959055364132
0.19276269897818565
0.7374207087559626
0.3484843182377517
0.2570262406952679
0.9596286714076996
0.6057050798553973
0.5214818315580487
0.2760675501776859
0.20202175974845887
0.7150406405329705
0.8963308095932007
0.3542622301727533
0.5399473357945681
0.7150347992777825
0.6022881619632244
0.5916346471756697
0.23336227536201476
0.6902448391541839
0.7779038488864899
0.7098351829685271
0.3323283702135086
0.20783058777451516
0.2246927937492728
