0.9570093750953674
0.8777360916137695
0.7969235777854919
0.0017711586551740766
0.022117171436548233
0.9769858717918396
0.9694949984550476
0.014022440649569035
0.9700744152069092
0.8067588210105896
0.9772473573684692
0.07699108868837357
0.09657749533653259
0.9240652322769165
0.9708217978477478
0.9361345171928406
0.8196725249290466
0.9854384660720825
0.9822861552238464
0.000997084192931652
0.013477460481226444
0.8831652998924255
0.292060911655426
0.9616552591323853
0.9201169013977051
0.9816604852676392
0.9766346216201782
0.5236905217170715
0.9639673829078674
0.9796995520591736
0.9798600077629089
0.31069397926330566
0.9895879924297333
0.3327073026448488
0.9318377077579498
0.3652947973459959
0.4483248293399811
0.9618011116981506
0.948652982711792
0.9828060269355774
0.9553773105144501
0.9744264781475067
0.8560962378978729
0.984636664390564
0.9736562371253967
0.9808086156845093
0.8889775574207306
0.9199490547180176
0.9739159643650055
0.979116290807724
0.9773283898830414
0.9789848923683167
0.8823499977588654
0.7399964928627014
0.9806696474552155
0.98117396235466
0.9756809175014496
0.9796400964260101
0.008236335357651114
0.9762292802333832
0.9683332443237305
0.9751743674278259
0.9841994643211365
0.9006707469622294
0.9874133070309957
0.9299273689587911
0.8803953727086385
0.9617552558581034
0.8364092310269674
0.6862914264202118
0.9690641562143961
0.9874385197957357
0.944804867108663
0.3726624126235644
0.9152687191963196
0.5779123393197855
0.9792990684509277
0.9626972874005636
0.942391554514567
0.8809263308842977
0.3930181798835595
0.19801290581623712
0.6799640456835429
0.9742875496546427
0.734162042538325
0.9886178572972616
0.973039706548055
0.722669834891955
0.1858153281112512
0.6766229073206583
0.805647186934948
0.9666992574930191
0.8728034347295761
0.9743586927652359
0.3372903517447412
0.4034443568671122
0.769211333245039
0.9517078995704651
0.9391922652721405
0.8168071433901787
0.9829357266426086
0.7605810463428497
0.9854221194982529
0.7565398067235947
0.9151078015565872
0.9753598272800446
0.48645563010359183
0.8349108994007111
0.9659534692764282
0.9601444005966187
0.942458301782608
0.8957663625478745
0.9783054888248444
0.8796314299106598
0.7293506648857147
0.7333059130760375
0.9458727091550827
0.8640305697917938
0.9753232002258301
0.6797834169119596
0.9560819387435913
0.9470539569854737
0.9242672085762024
0.9544654011726379
0.7841271936893464
0.9606409788131713
0.7880073338747025
0.8435848116874695
0.45656220335513353
0.9788803458213806
0.78510537231341
0.8001680254936219
0.7831773400306702
0.6910055577754974
0.8147080838680267
0.7936824709177017
0.9692852139472962
0.8603251695632934
0.7864311337471008
0.9071901798248291
0.8673767983913422
0.801901924610138
0.8264131009578705
0.9820752501487732
0.8166075944900513
0.9460500717163086
0.6917286515235901
0.9697997331619262
0.9837270975112915
0.9821354150772095
0.9820687174797058
0.972170889377594
0.9834376573562622
0.40552136301994324
0.6427708864212036
0.9447603821754456
0.9838901162147522
0.9877580404281616
0.9795260429382324
0.6372441649436951
0.9875981211662292
0.6475720405578613
0.9884982705116272
0.9692836999893188
0.9831457734107971
0.9637766480445862
0.901833564043045
0.6602556854486465
0.8892542123794556
0.9867744743824005
0.9797226190567017
0.9753357470035553
0.9852461814880371
0.980762243270874
0.9873198866844177
0.9026821255683899
0.9445489048957825
0.9775486588478088
0.9351925452550253
0.9856758912404379
0.8073840339978536
0.9503097534179688
0.987037738164266
0.9859319925308228
0.971628745396932
0.9337853193283081
0.833218514919281
0.9787308573722839
0.9809318582216898
0.9750421643257141
0.8868449529012045
0.9860892295837402
0.7597338557243347
0.7756627127528191
0.7998094484210014
0.8132323622703552
0.9627374708652496
0.9530966430902481
0.9890175759792328
0.9893662631511688
0.8686206340789795
0.9656391888856888
0.9465146213769913
0.9541933685541153
0.7636562362313271
0.9781013578176498
0.9304518848657608
0.9506957232952118
0.7946626005694271
0.9213769793510437
0.9172716021537781
0.8676833271980285
0.8264886021614075
0.8448845028877259
0.9539647221565246
0.9779999375343322
0.9894426584243774
0.9657845377922059
0.9362480401992798
0.9797550201416015
0.9297107815742492
0.9495293140411377
0.966605544090271
