0.9901056885719299
0.8018404841423035
0.9002638459205627
0.9821732044219971
0.8072782158851624
0.9658388495445251
0.9906099438667297
0.5319543480873108
0.9767076373100281
0.977953314781189
0.9840611815452576
0.9544309377670288
0.970231831073761
0.9805824160575867
0.9833617806434631
0.9608669877052307
0.9778065085411072
0.9929157495498657
0.9310497045516968
0.9880313873291016
0.9819190502166748
0.5693892240524292
0.9865462779998779
0.9651095867156982
0.934648334980011
0.9809042811393738
0.9728905558586121
0.5936761498451233
0.9854581356048584
0.976858913898468
0.9849220514297485
0.9764366745948792
0.9878946542739868
0.8035966455936432
0.9820960462093353
0.9785804748535156
0.5235007293522358
0.9664380848407745
0.9813380241394043
0.9788564741611481
0.7511123716831207
0.9705252945423126
0.882504016160965
0.985387921333313
0.9586739540100098
0.978464812040329
0.907782793045044
0.9386403262615204
0.9644496142864227
0.9825921654701233
0.9759263396263123
0.974019855260849
0.9086858332157135
0.7101291567087173
0.9590613543987274
0.49854834051802754
0.9667786359786987
0.9834551215171814
0.008562716655433178
0.5211051926016808
0.9785547455151876
0.9809296131134033
0.9832744598388672
0.9675013224283854
0.9841344356536865
0.9573294917742411
0.6296721398830414
0.8112989266713461
0.8641781012217203
0.700168251991272
0.9546425739924113
0.9756798148155212
0.9607913494110107
0.544540710747242
0.9647172689437866
0.7430240313212076
0.9830382068951925
0.9821810126304626
0.9714048902193705
0.9878089427947998
0.9515365163485209
0.9365146160125732
0.673738976319631
0.9674546718597412
0.964956263701121
0.9911156296730042
0.9706383546193441
0.7735655705134074
0.7700119813283285
0.6206897596518198
0.930706799030304
0.9399571120738983
0.9643532335758209
0.9754830747842789
0.964970052242279
0.734056688088458
0.6113495379686356
0.49928263563197106
0.9478266388177872
0.9209427386522293
0.9600210040807724
0.8715649545192719
0.9784485101699829
0.8140808567404747
0.9716830551624298
0.9763293415307999
0.8511954098939896
0.6525380909442902
0.9551515132188797
0.9615843743085861
0.9719520807266235
0.9001798629760742
0.9845821410417557
0.9648462533950806
0.7226763179060072
0.7417962026665919
0.9147271811962128
0.9525163471698761
0.9786367416381836
0.6726699527353048
0.9423853516578674
0.8786584138870239
0.9410372257232666
0.9303585052490234
0.4786257714033127
0.9371051907539367
0.974662971496582
0.9759606122970581
0.7461216706316918
0.9269788980484008
0.7712241001427174
0.9812665820121765
0.8656020045280457
0.8228227615356445
0.8265830159187317
0.805096435546875
0.9756447792053222
0.866599154472351
0.8507699370384216
0.9667344927787781
0.8926876902580261
0.9452988386154175
0.9579923391342163
0.9361191868782044
0.9345879673957824
0.588476037979126
0.7683881372213364
0.9570377588272094
0.9845290780067444
0.9733093976974487
0.9756062626838684
0.9811806678771973
0.4436846077442169
0.9182615876197815
0.9308806657791138
0.9913561344146729
0.7943407297134399
0.948699414730072
0.9329501390457153
0.6372441649436951
0.9908237457275391
0.9888238310813904
0.6105358600616455
0.9861834049224854
0.9763107597827911
0.9833382368087769
0.9765141904354095
0.9787539541721344
0.984667181968689
0.9500406384468079
0.9550608396530151
0.9801273345947266
0.9869515597820282
0.9859442710876465
0.4617292598122731
0.9716805219650269
0.9744018316268921
0.9875663220882416
0.8967244029045105
0.7679985264937083
0.9261574149131775
0.9825574159622192
0.2784058426817258
0.31792781424398225
0.9109535018603007
0.930367648601532
0.6942077825466791
0.7675922711690267
0.8544882933298746
0.9666037559509277
0.5044723575313886
0.9362398187319437
0.7833774387836456
0.8381127715110779
0.851502850651741
0.7980979457497597
0.978373259305954
0.45175297919195145
0.22657657790114172
0.9831444472074509
0.9766978025436401
0.9157133996486664
0.8377555161714554
0.8988440483808517
0.9178789556026459
0.9197777062654495
0.965520977973938
0.8070289120078087
0.9801665306091308
0.9245557665824891
0.9749585866928101
0.7940879866480828
0.8998205900192261
0.801030907034874
0.9741798758506774
0.9488820433616638
0.4838492263224907
0.980377984046936
0.7653119549155235
0.9211953759193421
0.8472418427467346
0.8102480053901673
0.8050073385238647
