0.9802147150039673
0.9366074204444885
0.9887914657592773
0.23345008492469788
0.9860985279083252
0.42254650592803955
0.04118715599179268
0.9906471371650696
0.9765307307243347
0.992365300655365
0.9611155390739441
0.7548481822013855
0.9884803295135498
0.9658082723617554
0.9874430298805237
0.9832883477210999
0.15254683792591095
0.9927874207496643
0.9848485589027405
0.07215090095996857
0.9799429774284363
0.34174734354019165
0.9839948415756226
0.9640179872512817
0.9599008560180664
0.9851393103599548
0.9727379679679871
0.971384584903717
0.965043842792511
0.5500167608261108
0.07346751913428307
0.14661453664302826
0.3163701146841049
0.12891096621751785
0.9822751879692078
0.2161706741899252
0.870981365442276
0.9683881998062134
0.9366305470466614
0.9744817912578583
0.9586458802223206
0.979495495557785
0.9813574552536011
0.07259754277765751
0.11159246414899826
0.9870682060718536
0.9154300093650818
0.4853321835398674
0.09111025556921959
0.06602915562689304
0.09460640698671341
0.9793069064617157
0.10411779396235943
0.8777596652507782
0.1267196238040924
0.04108221456408501
0.09595090243965387
0.9890725910663605
0.2622867003083229
0.975452184677124
0.0965231607357661
0.1270958880583445
0.07987929383913676
0.1641718770066897
0.981769343217214
0.06885076065858205
0.15997259070475897
0.14055639505386353
0.6243952910105387
0.057018568739295006
0.9808391133944193
0.9825527866681417
0.1365590219696363
0.19323528309663138
0.9288959900538126
0.14559354881445566
0.987488329410553
0.18816487987836203
0.1841400812069575
0.21578901261091232
0.2816036765774091
0.922562817732493
0.1171072560052077
0.02689662172148625
0.11391988396644592
0.11750190953413646
0.20156784603993097
0.1362090582648913
0.09155034925788641
0.08508731424808502
0.24521126225590706
0.24950869753956795
0.2735326737165451
0.22880566399544477
0.14929526671767235
0.13527381233870983
0.10413147881627083
0.14597978629171848
0.1446823999285698
0.9482500404119492
0.22327610664069653
0.8813026994466782
0.18577473796904087
0.17578089144080877
0.18451006524264812
0.07436737418174744
0.1141498014330864
0.08508831635117531
0.0750459753908217
0.08201185148209333
0.21253062039613724
0.0611976208165288
0.07789469696581364
0.05493134958669543
0.07355197565630078
0.08383496524766088
0.0799006805755198
0.23845263198018074
0.1586285289376974
0.20280322432518005
0.23974713645875453
0.2928119644522667
0.2184822991490364
0.2833149582147598
0.13597126603126525
0.22702260464429855
0.2399902008473873
0.23503766879439353
0.1702596053481102
0.08241361454129219
0.08137835785746575
0.1307115726172924
0.11127398535609245
0.09339617788791657
0.11043556332588196
0.2691548585891724
0.11268049404025078
0.9197527170181274
0.1833526834845543
0.06669399254024029
0.0788049802184105
0.05233537219464779
0.143828147649765
0.19313753992319108
0.21448559165000916
0.10635276436805725
0.13385529518127443
0.2332174614071846
0.9915059208869934
0.18205736577510834
0.2446441501379013
0.320965051651001
0.32233524322509766
0.32977476716041565
0.8081762194633484
0.9905620217323303
0.2539437413215637
0.18910855054855347
0.3973747193813324
0.9643267393112183
0.05669934302568436
0.9780433177947998
0.1119641661643982
0.03882940439507365
0.09880254976451397
0.07458992302417755
0.09925667941570282
0.12585892900824547
0.1369512788951397
0.2543783038854599
0.2840908393263817
0.2292715087532997
0.045471055433154106
0.04260316863656044
0.10318797826766968
0.0667464192956686
0.1869695484638214
0.0957380011677742
0.09300705045461655
0.15977893521388373
0.09206500401099522
0.05993609378735224
0.10169905920823415
0.08211120714743932
0.24953406055768332
0.23425674686829248
0.11689221362272899
0.19302209466695786
0.2022349163889885
0.058718359718720116
0.08054432893792789
0.15171911319096884
0.1794701466957728
0.12466030195355415
0.11303691007196903
0.1125975763425231
0.059347535483539104
0.11768869496881962
0.13874077051877975
0.11300410144031048
0.10741262510418892
0.07630245201289654
0.27185273356735706
0.15825489722192287
0.10757147148251534
0.07400085683912039
0.1565112378448248
0.13217982556670904
0.1087262511253357
0.10230799317359925
0.06546776071190834
0.1594632536172867
0.10592657253146172
0.1649927407503128
0.07612493932247162
0.08606641888618469
0.13816403597593307
0.06994420439004898
0.1017942562699318
0.12782891914248468
0.19803058207035065
0.20674970597028733
0.24161891937255858
