0.7908712327480316
0.68983483976788
0.8232641849252912
0.5806221371605284
0.8233567277590433
0.6820138567023807
0.6920219628178345
0.49288990497589114
0.7977763613065084
0.8285672421808595
0.7336256051505053
0.66173740890291
0.7551362618567451
0.4039979312154982
0.7532637091598124
0.8114986713727316
0.6141954554451836
0.5705883900324503
0.6548572460810343
0.8286666207843356
0.7588055349058576
0.7673894588909452
0.9047929975721571
0.7075970272223154
0.7187112586838857
0.7867907396952312
0.7911237906526636
0.5157530357440313
0.8312707940737406
0.5762417746914757
0.6286751627922058
0.6334647487620918
0.6325415032573076
0.6171814166469338
0.6859703979106864
0.4909999363216353
0.7652842998504639
0.7965296809635464
0.7041187397859715
0.6717750396993425
0.7043492048978806
0.713681756909472
0.7449265975422331
0.6037911400198936
0.7135042602365668
0.6019846990704537
0.7317117918105351
0.4973171850045522
0.7139182244028364
0.807925060943321
0.8077589392662048
0.8956485678752264
0.7322242352697583
0.8404479609595404
0.7431047227647568
0.6510358566119349
0.6879908417661985
0.8530593620406256
0.5614325595490727
0.6789281254722959
0.70744150435483
0.6573702345291773
0.6761910639427327
0.8038934138086106
0.8979862703217399
0.7518219431241352
0.7794567870715307
0.7723157735097976
0.6710260320435126
0.6622879583747299
0.38638290017843246
0.711003133228847
0.6940461219870856
0.7435842413372463
0.7017907730115006
0.7253908261104867
0.7544224754728451
0.5367450201952899
0.6180728970151959
0.7014507156651036
0.5317699926756161
0.7334723557744708
0.658631386856238
0.711918138322376
0.6081081452193083
0.6893628550298286
0.724891905177188
0.6777368360095554
0.6091134871755328
0.6198537495401171
0.7199265308120624
0.6394865701896976
0.666790491041511
0.6662509855296876
0.6391439791331215
0.7078439672787984
0.6036177507258386
0.7283057377294258
0.6017481384221574
0.6264297139455401
0.6956767238321758
0.6521986316909234
0.7670432235355731
0.7535010964151412
0.7900281211181923
0.672274155749215
0.7166357952661195
0.5094750548165942
0.7551974001195696
0.7117929786443711
0.7499254524266279
0.6335765375031366
0.6402325588795873
0.7629856100449195
0.7840367595354716
0.7687125088822128
0.7260157881361066
0.6128316336895997
0.7615558534198337
0.8410274831075516
0.70028391476807
0.605366777214739
0.6950548769368066
0.7776381561680445
0.46142266540931026
0.7245820372744843
0.5780735991345295
0.6634905006462362
0.6388427820470598
0.6128839660573889
0.7386870284875234
0.7142847901807124
0.5808735252445579
0.6871601872973971
0.6174197505138539
0.7537530521551767
0.7577420800623268
0.721329950624042
0.6330247490833967
0.6471130496097935
0.6949424887586523
0.7111346634725729
0.7338081699515145
0.732942867846716
0.7468297708602178
0.7250901019934453
0.6149595854458985
0.7169437445775427
0.5536735090944502
0.5349066635918995
0.40733298659324646
0.3910148501396179
0.548855721950531
0.44649721847640145
0.26771816114584607
0.5511393679512872
0.6247721557263974
0.4815495014190674
0.424492601553599
0.8694471203618579
0.6161948492129644
0.5408842588464419
0.3274030645688375
0.5920326246155633
0.507673958937327
0.5690620501836141
0.6210770145295159
0.4093671275509728
0.38829203844070437
0.32533436162131174
0.3772908545675732
0.44778392314910886
0.3689312929908435
0.4227679286684309
0.3361230926749147
0.31702403558625114
0.6219868499135214
0.3455720067024231
0.48819014246081127
0.36900616401717773
0.45113214872501517
0.4426405940737043
0.5322888692220052
0.5820595274114202
0.43565500016305964
0.39068985158118646
0.26292486985524494
0.5546385024984678
0.6285520887374878
0.39369851130026357
0.3903594737582736
0.5142597303504035
0.33400260359048844
0.6026374407609303
0.6028451671676031
0.4287853349022001
0.3019152810608131
0.4428420442122
0.263731930770126
0.26148236933208646
0.3788003499309222
0.5126391576998162
0.41672703127066296
0.23583203429977098
0.44999909018858886
0.4337003868487146
0.31674572626749675
0.5477692641265003
0.43691455202493057
0.44507714744770166
0.4969956925621739
0.34764989217122394
0.5168806495088519
0.497309158169133
0.5500825831499051
0.301993191242218
0.38422731324738146
0.3171389169163174
0.42336693021270244
0.23040521558788088
0.3838973699831495
0.35953186695871786
0.45639516358022336
