0.8871092597643534
0.23036270340283713
0.22811216115951538
0.21205469965934753
0.9118528962135315
0.32481374343236286
0.8951720694700877
0.37002090613047284
0.6207875510056814
0.5908353825410207
0.2093428075313568
0.7301950256029764
0.8155718114640976
0.22065084179242453
0.5476465964758838
0.5754053095976511
0.20484435558319092
0.3812438150246938
0.936856081088384
0.2415704627831777
0.48805787165959674
0.227881520986557
0.9056613246599833
0.23109025756518045
0.8325975589335911
0.3701545496781667
0.3020378649234772
0.24163225293159485
0.5791231791178385
0.23185052474339804
0.7810261381997002
0.8059126536051432
0.6788203698216062
0.37019699149661595
0.3354947765668233
0.4115626235802969
0.48671551324703066
0.720126105679406
0.41562072436014813
0.8532375146945318
0.8091554376814101
0.7707596917947134
0.6642469807907386
0.5734989394744238
0.6815021024809943
0.42650683720906574
0.616696156837322
0.6152526449274133
0.24209880828857422
0.7807765752077103
0.7642595585849551
0.6753033598264059
0.2248188787036472
0.45307275984022355
0.578204255965021
0.4577234241697523
0.22105979919433594
0.9427578506015597
0.649878528383043
0.8761969159046809
0.5883392012781566
0.35574236313501995
0.6948466459910075
0.21987415154774984
0.7813349448972278
0.6556025445461273
0.5600208143393198
0.6182603862550523
0.3553385059038798
0.37483452558517455
0.5336905227767097
0.2619510392347972
0.3120062251885732
0.4484885493914286
0.2722353458404541
0.6328840007384618
0.6910569628079732
0.8243473384115431
0.8077760881847806
0.38873057762781776
0.6105088932173592
0.7075450181961059
0.5853477120399475
0.4862314462661743
0.6412133693695068
0.6466776371002197
0.6424521373377906
0.48866071303685504
0.5431512097517649
0.552082825700442
0.6049356946238764
0.7518041371758563
0.5578484861939041
0.5650840368535783
0.7290814287132688
0.7016995284292433
0.39129199981689455
0.36454542477925617
0.2815824548403422
0.26616892880863613
0.41795614503678824
0.6154352914403985
0.7431481423832121
0.7198189269928705
0.6978855882372175
0.5503267447153727
0.7102863107408796
0.5553697612550523
0.4365522742271423
0.5398330092430115
0.5899028287993536
0.6451157450675964
0.6237397602310887
0.5085081469129632
0.7758845620685153
0.3925646183982727
0.6938169731034173
0.7462639945628596
0.6285229448918943
0.6045832009542556
0.4995019921944255
0.33434617370367054
0.5255549268117027
0.26744548347261216
0.47786113354894844
0.5542780577190338
0.6612908244132996
0.38246235109510873
0.6899920957429069
0.7686132788658142
0.651242752869924
0.68098488653248
0.645314352498168
0.33386889348427456
0.29709972937901813
0.6447007589870029
0.6869487855169508
0.3467603013629005
0.673533865975009
0.45395787344092414
0.6835924245062328
0.39491145762186197
0.45844375235693796
0.6707666118939718
0.7647163644433022
0.7123193004504353
0.6176351383328438
0.7902012390119058
0.24317937095959982
0.0
0.22206233938535055
0.0
0.0
0.49620673628080464
0.20757943391799927
0.2124030888080597
0.0
0.0
0.0
0.36253602306048077
0.20536452531814575
0.2173517346382141
0.21794954935709634
0.21035951375961304
0.22343052095837063
0.22331864138444266
0.20756179094314575
0.2030892703268263
0.21285615861415863
0.22801056835386488
0.2246456609831916
0.2175138923856947
0.22034146388371786
0.2184086541334788
0.21672599183188546
0.6667447239160538
0.21930032968521118
0.2144315242767334
0.21804102659225463
0.21928776800632477
0.21706436574459076
0.2156113068262736
0.21130993962287903
0.2145953228076299
0.0
0.21073505282402039
0.22375589609146118
0.21467181046803793
0.2131932536760966
0.22771238485972087
0.2041699786980947
0.20993191997210184
0.19947747786839803
0.23651552531454298
0.2063252462281121
0.20354636907577514
0.2185447414716085
0.2075309634208679
0.20808965762456258
0.2125689148902893
0.21315881411234539
0.2698306673102909
0.22059649891323513
0.22561749617258708
0.22210030328659786
0.21585481696658665
0.2133485794067383
0.21281567017237346
0.21448086698849997
0.22012655602561104
0.23200734172548568
0.1995948212487357
0.22107104460398355
0.2036791667342186
0.21577311413628714
0.22396200895309448
0.21071388324101767
0.21299836039543152
0.21744237343470255
0.21572975601468766
0.21988378630744088
0.21845697859923044
0.2179876466592153
