0.8603863616784414
0.23060459891955057
0.45498647954728866
0.22377882401148477
0.9100777407487234
0.5314451654752096
0.8951720694700877
0.22288231054941812
0.6455141305923462
0.7806888884968228
0.3872583150863647
0.7296368479728699
0.4810693303743998
0.6630599200725555
0.26341299215952557
0.5754053095976511
0.370635449886322
0.3812438150246938
0.9397586385409037
0.8326331774393717
0.48805787165959674
0.2287583847840627
0.5653121968110403
0.5382972856362661
0.8325975589335911
0.3970218102137248
0.28586579362551373
0.24163225293159485
0.5791231791178385
0.23185052474339804
0.6665815605057611
0.6028266165937696
0.6570779861825885
0.5734551902170534
0.5318966292672688
0.5480330437421799
0.5613265103764005
0.8302299424454017
0.3616687868848259
0.8532375544309616
0.938821640279558
0.7707596570253372
0.7766027282785486
0.6016745318969091
0.6284947527779473
0.483095732000139
0.6166961601486912
0.615252638304675
0.6558578742874993
0.9056542565425237
0.8173455744981766
0.8726183176040649
0.5580000016424391
0.45883310503429836
0.5777804768747754
0.48092486328548856
0.3461506168047587
0.9389619023080856
0.6563790109422472
0.4616926411787669
0.6429097602764765
0.39120130936304726
0.6948466459910075
0.22502142985661824
0.5563359343343312
0.7827068799071841
0.4253336389859517
0.5199469791518317
0.7849592328071594
0.2707011938095093
0.6478911121686299
0.8457535654306412
0.3692373947964774
0.6349036773045857
0.5369854158825346
0.7035696009794873
0.4773503303527832
0.7222484363449944
0.551866971121894
0.3698405067125956
0.6056020061175028
0.6996647437413533
0.29863816499710083
0.4862314502398173
0.6821813201904298
0.6704327861467997
0.6672467754946815
0.507627336751847
0.5573465483529226
0.5262719655320758
0.6580648576771772
0.7600464332671392
0.6011670412840666
0.443285240067376
0.8246487736701966
0.5712801211410099
0.6241921265920003
0.6169339494099692
0.6115189336595082
0.6155715319845412
0.37257801918756395
0.30632194309007554
0.7379966179529825
0.7134834386053539
0.704536637805757
0.5052961190541585
0.6568949186072058
0.5447321917329515
0.5127377311388651
0.7077125807603201
0.6307241199508545
0.633710041311052
0.5650984578662448
0.5056450113102241
0.6494212382369571
0.39437764126157
0.805739959081014
0.7706283833466324
0.7761704855495029
0.5030840994819762
0.7273275601485419
0.5460174702226169
0.45459553362831234
0.698485689987371
0.6825568252139622
0.6393826607673887
0.7200035402383753
0.6733634421434351
0.6898599352155413
0.7757214591616676
0.7393660023808479
0.5309251894553503
0.5260515064001083
0.5366092870632807
0.6830008164048195
0.33944922117959886
0.7049174699518416
0.4605415804045541
0.6116699245240953
0.6592067286924079
0.5825774470965067
0.3953094236434452
0.3324361159687951
0.861495210064782
0.7623459696769714
0.7193642175116507
0.33558569600184757
0.7745194733142853
0.4981351163652208
0.5718646049499512
0.5294434706370036
0.22681155800819397
0.30303024252255756
0.4959841029984611
0.6375174562136332
0.5953403015931448
0.2110371987024943
0.5780082643032074
0.5518608689308167
0.5651191340552436
0.20573173960049948
0.21824148297309875
0.22188282012939453
0.7411708103285896
0.47979501883188885
0.5372049460808436
0.6565128833055497
0.7962495795002691
0.4839852551619212
0.31225013070636326
0.45704054611700556
0.5213620397779677
0.24187924464543661
0.2544241746266683
0.21716654962963527
0.7289351870616277
0.6779424879286023
0.21705151266521877
0.42802610079447434
0.5513044983148575
0.624978169798851
0.2521650870641073
0.330008531610171
0.29045852025349933
0.39410990311039823
0.27752434213956195
0.5346561736530727
0.3027222156524658
0.3234520117441813
0.5590526421864828
0.6362063735723495
0.38182199994723004
0.5955158336957297
0.26511595646540326
0.5464907585628449
0.41837199926376345
0.3324333495563931
0.20795074303944905
0.21156469186147053
0.5242106228404576
0.2309194525082906
0.40481135580274796
0.6384064356486002
0.5252979026900397
0.22353183087848483
0.34515200389756096
0.5156320248331342
0.43306970993677774
0.24026156796349418
0.2744372376689204
0.3390713277317229
0.2928704837011913
0.4248228246966998
0.21362746010224024
0.2162984467688061
0.2244890985034761
0.2272926370302836
0.5180579688813951
0.49386997769276303
0.3711475815091814
0.23925501770443386
0.422781099875768
0.39737173666556674
