0.8603863716125488
0.2370246946811676
0.47350871231820846
0.20289510488510132
0.9118528962135315
0.3044585684935252
0.27075913548469543
0.259464164574941
0.25422993302345276
0.5908353726069132
0.4061550537745158
0.7301949958006541
0.7165647049744924
0.2201279103755951
0.534948524200555
0.5615353286266327
0.3804587821165721
0.44560787081718445
0.936856081088384
0.9084255993366241
0.4880578815937042
0.22703457872072855
0.8888382514317831
0.2300106684366862
0.8325975688676985
0.2108481526374817
0.2899554967880249
0.24529587229092917
0.5840146541595459
0.23185051480929056
0.7642440994580587
0.6927308489878973
0.6788203896898212
0.31471067004733616
0.2918912122646968
0.20970297356446585
0.5297050674756368
0.7005885044733683
0.36763025801858784
0.8650034219026566
0.8030912942356534
0.7707596570253372
0.6685411643098901
0.5776693423589071
0.6422691742579142
0.4968973729345534
0.6231813077573423
0.6207139205049584
0.6187839772966173
0.9060697456200918
0.7697575158543057
0.2325199908680386
0.2139822310871548
0.46462146441141766
0.5780814306603538
0.46147063573201497
0.22102322843339708
0.9582525889078776
0.6534327533509996
0.8761969159046809
0.5880716707971361
0.4741128206253052
0.6254965172873602
0.4203681310017904
0.7875016414456897
0.6511572053035101
0.5586232294638952
0.3341076374053955
0.44146743218104045
0.49995028177897133
0.5418585419654847
0.8188544942273035
0.3488614757855733
0.6271303481525845
0.27292404174804685
0.608676458398501
0.6475675137837729
0.7029559042718675
0.7958292669720121
0.2804382483164469
0.2176759163538615
0.8212167302767436
0.2852065602938334
0.6872623761494955
0.6373600959777832
0.6064476609230042
0.647091751297315
0.23320329586664837
0.5556926585379101
0.24315891166528067
0.5879619949393802
0.6697856783866882
0.6131594428309688
0.6354437900914086
0.8307367324829102
0.6743547995885213
0.34179545640945436
0.3075801332791646
0.49289854935237337
0.763331475817127
0.29896808522088186
0.34494835690215786
0.5277761419614156
0.5907286292030698
0.6736052388236636
0.6157574574152629
0.5812916954358419
0.536660393079122
0.6193463762601217
0.5577536702156067
0.7623167853506785
0.645625631014506
0.3937070071697235
0.4996869873117517
0.7759835521380106
0.43147794121787664
0.7141691512531705
0.6674556042633805
0.3040219247341156
0.5958840336118426
0.5434539541602135
0.367916155783903
0.370257492292495
0.25252707887578896
0.3188440104325612
0.26764348291215445
0.3602968280007239
0.6165350889402722
0.36094854843048824
0.7686132788658142
0.7621976087490717
0.28275468448797864
0.5546330727991604
0.6082268580794334
0.3492282231648763
0.3399091788700649
0.6684549841615889
0.23968418723060972
0.7044611833161779
0.6803200821633691
0.36977068867002216
0.39431458522403046
0.5635591376395452
0.75231005748113
0.8284404815899
0.719137262892561
0.4823026532928149
0.7803001734945509
0.22331870595614114
0.5041917529371049
0.5315863668918609
0.2348025143146515
0.24851085742314658
0.49620673628080464
0.3715413808822632
0.2165852189064026
0.2520635426044464
0.5784073273340861
0.2955861985683441
0.2826138933499654
0.22017460068066916
0.21695409218470255
0.41094323992729187
0.22100075085957846
0.22659013668696085
0.22334691882133484
0.20965853333473206
0.20313636461893717
0.21119715770085654
0.47545305887858075
0.5009039772881402
0.6800263965571368
0.3500592311223348
0.5340017924706141
0.4369272788365682
0.3267581909894943
0.21331936617692313
0.2145972384346856
0.6326650857925415
0.22602932155132294
0.21733405192693075
0.21558860143025715
0.5718270858128865
0.2726743370294571
0.47281617257330155
0.2625173379977544
0.6940114458401998
0.2147331396738688
0.21325457493464153
0.23236270348230997
0.21011530856291452
0.3671477884054184
0.19993518988291423
0.32498253385225934
0.2584358784887526
0.20383204619089762
0.21867373916837904
0.5992312073707581
0.43004772663116453
0.5068796753883362
0.33628164688746137
0.24452731013298035
0.7687842481666141
0.6419220717748007
0.22250002906436012
0.311228119664722
0.2141717473665873
0.37343010902404783
0.38649942941135834
0.21664055630012793
0.22001481907708303
0.20579959948857626
0.211456427971522
0.24469457070032755
0.2154130736986796
0.2264137069384257
0.5321709248754714
0.230282015270657
0.3723596880833308
0.21027901626768566
0.6751361608505249
0.6612557785378562
0.6986559910906686
