0.8603863616784414
0.2566388746102651
0.3311292032400767
0.22087550163269043
0.9118529260158539
0.6726352214813233
0.9171176552772522
0.48364820966014155
0.6455141305923462
0.5295895205603706
0.2936328848203023
0.7296368479728699
0.47695975899696347
0.5795732339223226
0.5313636127746466
0.575182298819224
0.2107147475083669
0.44560785094896954
0.936856081088384
0.34880800048510235
0.48473160796695286
0.2263102134068807
0.9056613246599833
0.40351787209510803
0.8183923614403558
0.39047640562057495
0.28586580355962116
0.24163225293159485
0.5866666734218597
0.4935145841704474
0.4632195830345154
0.7071651383524848
0.48357413874732125
0.39657342036565146
0.5253074467182159
0.4869990696509679
0.547826713985867
0.8396449596793563
0.6912351022531956
0.7554796934127808
0.9385722478230795
0.7715195417404175
0.4087655985796893
0.268154501914978
0.6019458227687412
0.45628391371832955
0.6266530730106212
0.6187383113084015
0.5488698614968194
0.4407547314961751
0.7771662622690201
0.8821915056970384
0.4906160169177585
0.4617094066407945
0.5698802040682899
0.46147063573201497
0.22198466459910074
0.9635984235339694
0.33563096655739677
0.8834452430407206
0.6108877758185068
0.25100908279418943
0.6202801201078627
0.2959326108296712
0.5343731972906325
0.6887200623750687
0.4218748261531194
0.3577795969115363
0.629473606745402
0.4132006486256917
0.6468432188034058
0.6751013232602014
0.4914127505487866
0.6942708571751912
0.23535033861796062
0.6251447647809982
0.4203376531600952
0.8251147084765963
0.42050207323498195
0.29990007082621256
0.48160520394643147
0.6442010482152303
0.5024830301602682
0.5797545313835144
0.45638570653067695
0.49182677268981934
0.6587191373109818
0.5482206111862545
0.574903945837702
0.5369021126202175
0.6640225096985146
0.7043512025657965
0.37038680800685175
0.658151881562339
0.7085223025745816
0.5286655326684316
0.43221552504433525
0.5384887241181873
0.5179480484553746
0.5279044906298319
0.32245642027887356
0.28705200884077287
0.5644170487819076
0.6159801284472147
0.6864108482996623
0.3710970918337504
0.4699903102148147
0.6509854422990606
0.37146857182184856
0.5521804690361023
0.5414561042709956
0.5671743233998616
0.5218250122335222
0.5200952964800375
0.6146068804793887
0.6362862085539197
0.5753217240174612
0.7364563991946559
0.5339334143532647
0.5806352410997663
0.7070974854249803
0.48884988658958006
0.5489653821975465
0.5632018806021891
0.5146010877909484
0.39554959251767113
0.5229789553856363
0.5622790938331967
0.5255370196842012
0.6461099471364703
0.49083177745342255
0.3597152307629585
0.7075030250208719
0.31301000714302063
0.5905690332253775
0.37411901118263363
0.5490474060729698
0.5067891563688006
0.5384376264280742
0.4622436080660139
0.5942740793581363
0.22605988809040614
0.4023427792957851
0.8000554607974159
0.696348259018527
0.6175751403886446
0.5760194203919834
0.6033574177159203
0.4981351163652208
0.22304463386535645
0.48359863758087157
0.2245491842428843
0.24059706926345825
0.5021519717716035
0.6643010715643565
0.5982428193092346
0.6214232643445333
0.2964893380800883
0.27523666620254517
0.5426314837402767
0.20667853951454163
0.5937735140323639
0.22549976905186972
0.48236698574490017
0.6784982800483703
0.5702103326718012
0.2941274593273799
0.407794334270336
0.36602696279684704
0.27219518687989974
0.684436391901087
0.6703559954961141
0.2205239882071813
0.2186478873093923
0.21683611472447714
0.7087017148733139
0.21510921915372214
0.21443306737475926
0.2951220154762268
0.37652546774458
0.5352960775295893
0.2184129556020101
0.21795900662740073
0.2289548714955648
0.23322240511576334
0.32482438286145526
0.518726126352946
0.2202091375986735
0.21645678679148356
0.5646773974100748
0.3994161585966746
0.21033108731110892
0.29150365193684896
0.24384231699837577
0.31725169552697075
0.2975084953837924
0.22348127431339687
0.2130059242248535
0.21103487014770508
0.4387562115987142
0.2212390899658203
0.3274891840087043
0.5328889058695899
0.4847833792368571
0.2232986262866429
0.27493152684635586
0.33208253781000774
0.3755715489387512
0.2976303983617712
0.35210339449070116
0.3244164500917707
0.38553928761255174
0.4081057533621788
0.5046475546227561
0.2214871048927307
0.22407240243185134
0.261414498090744
0.5654402518713916
0.3018098572889964
0.2866064395223345
0.3765766051080492
0.6124111869268947
0.40322603782018024
