0.8603458901246389
0.2563970784346263
0.46684526072608096
0.4267901023228963
0.5889994303385416
0.551565945148468
0.8951720694700877
0.2529521584510803
0.8750158349672953
0.6015026933617061
0.2975756923357646
0.6761394937833151
0.2025413711865743
0.594028890132904
0.4915462036927541
0.567804882923762
0.38133952021598816
0.3811284403006236
0.33258039752642315
0.2347404658794403
0.21698146065076193
0.22572225332260132
0.8032918241288926
0.4170575539271037
0.8312391889473748
0.4020652770996094
0.28799405694007874
0.24163225293159485
0.58844193816185
0.24295737346013388
0.553249736626943
0.2536071886618932
0.6287902774232806
0.5417682947935881
0.5355618629190657
0.4964445233345032
0.4912358456187778
0.7206105457411872
0.6768268780943788
0.7206820050875345
0.9329512715339661
0.7707596570253372
0.6843497885598077
0.6664985617001852
0.6615128835042318
0.41378845108879936
0.607453797702436
0.6173130251743175
0.6132203936576843
0.907315527399381
0.5385551999012629
0.9105550116962857
0.6244082848230997
0.5049585302670797
0.5846453623639213
0.46897996796502006
0.2710466119978163
0.936287522315979
0.6569771494394467
0.8633352716763815
0.6247827659050623
0.5531822363535563
0.7353310929404364
0.24051470756530763
0.7829320165846082
0.7641264481676949
0.5448400179545084
0.7777779963281419
0.7892083644866943
0.5042920152346293
0.6339378913243612
0.8065284076664184
0.623050312201182
0.4502458969751994
0.4191242774327596
0.8304790904124578
0.57826722462972
0.6457715246412489
0.6661517447895473
0.8459891092209589
0.3248845140139262
0.4911666790644328
0.5671398838361105
0.6805550654729208
0.658188615904914
0.6799614906311036
0.5796207735935847
0.4583715981907315
0.22210844357808432
0.6137040777338876
0.5831935030442696
0.7472233091081891
0.5208585293835433
0.6751808524131775
0.4736372497346666
0.4811986938670829
0.454301553302341
0.5379239820298695
0.44940868729636785
0.6369470887713962
0.4692648611371479
0.4121440439312546
0.8301432274636769
0.6300801710476951
0.6761637313025338
0.7055468916893005
0.5095811052387264
0.6170623417253848
0.7075104490915934
0.531856373945872
0.5371175947643462
0.6491829713185628
0.47425790627797443
0.25827886660893756
0.7440167720671053
0.610520341093578
0.8027857740720113
0.7550644463183833
0.8242337703704834
0.3548445729982285
0.707673849922324
0.3556567430496216
0.42628893114271615
0.6704793189778739
0.5925889352957409
0.424883710959601
0.5309871555005431
0.3954083323478699
0.6940499402227855
0.634581880910056
0.6792920496728684
0.6697671090563139
0.3487570062279701
0.6741698334614435
0.6689384390910466
0.5445293547615172
0.7425499949190352
0.3831127683321635
0.6262700996465153
0.5052192289204824
0.5243799033619109
0.24722802355175927
0.6551919182141622
0.7449473308192359
0.7019393311606512
0.7370190563656035
0.38829979797204334
0.7221798159458018
0.4985149171617296
0.2791108886400859
0.5177782853444417
0.2590871751308441
0.4757601598898569
0.4745298879487174
0.45164375901222226
0.5868048866589864
0.5813079476356506
0.6084710756937662
0.5745482444763184
0.5346218711800045
0.22243449091911316
0.21917662024497986
0.47588760322994655
0.7957408494419522
0.6833703107304043
0.8459477772315344
0.47858481605847675
0.48584391011132133
0.526757495270835
0.4852435323927138
0.8834799506046154
0.9133759670787387
0.3167724659045537
0.29392849405606586
0.49034369654125637
0.6160426040490469
0.7539559271600512
0.3375665545463562
0.7338915785153708
0.6019587854544322
0.6002121567726135
0.3307387908299764
0.7962723705503675
0.31284961601098377
0.3961682650778029
0.36366842190424603
0.747708257039388
0.6391804456710816
0.7018038630485535
0.515395188331604
0.5191569377978643
0.25558996200561523
0.6005850338935853
0.35084331697887844
0.4095349113146464
0.3536168535550435
0.4360966251956092
0.5731329441070556
0.6683693554666307
0.5964347676625328
0.30271039009094236
0.44073328706953263
0.49036585291226703
0.681807209915585
0.5064798290767366
0.5170408884684244
0.6624064405759176
0.458414716190762
0.36340188869723566
0.6296400673174984
0.4746074988728478
0.32784358822569554
0.4115898658831914
0.6007542154855198
0.42624070530846003
0.4146413121904646
0.7017295062541961
0.5936141168629682
0.4960683675275908
0.7120164093517122
0.5645304083824159
0.6796266580621402
0.7022892642352315
