0.8951293031374613
0.23370632529258728
0.31615068515141803
0.0
0.9050407409667969
0.5476131737232208
0.5524861613909403
0.239694873491923
0.5924571752548218
0.7606880929734973
0.28691205382347107
0.7074988484382629
0.743243788348304
0.5780678192774454
0.4641820534511849
0.5754052797953287
0.0
0.22737610340118408
0.30899951855341595
0.0
0.48473161790106034
0.22829259435335794
0.7893221047189499
0.4035178820292155
0.5093855824735429
0.40121570229530334
0.23131242394447327
0.2337864339351654
0.5876337091128031
0.2240536411603292
0.6948551429642572
0.7412312690700803
0.40717097691127235
0.7175507483658967
0.6925863458050622
0.46341559290885925
0.5474624103969998
0.49807853831185234
0.6094741968461025
0.8650034219026566
0.7339013682471381
0.7713547497987747
0.46347996791203816
0.7021790136893591
0.7827953197337962
0.4153934319814046
0.5466564827495151
0.6242706775665283
0.6454768180847168
0.9087407837311426
0.0
0.8849259151352776
0.4531891544659932
0.5056298507584466
0.5724890894360013
0.4429505983988444
0.3532636629210578
0.9530735148323907
0.6436551184881301
0.8846780012051264
0.5188770194848379
0.43313395579655967
0.3790538721614414
0.24848010937372844
0.7860862198803159
0.6815130213896433
0.4760439147551854
0.7276526914702521
0.7000157509531294
0.4969014088312785
0.7004632274309794
0.7853276911709045
0.693178512652715
0.49311118920644126
0.37147795624203156
0.41748931507269543
0.3575701038042704
0.696731616391076
0.664558051692115
0.27912981510162355
0.817297561395736
0.8149787902832031
0.5558260639508565
0.5877203265825908
0.7707634568214417
0.7938252607981364
0.6464468207624224
0.6789877844235254
0.4810662177347001
0.4694964765083222
0.5619420828642668
0.7472330569680316
0.46022045104591935
0.5838382570516496
0.6864843527475993
0.5726069105996027
0.7140619436899821
0.6197307437185258
0.4825644436336699
0.5620000726646848
0.3573991287322271
0.5905618672017697
0.7840252036140078
0.7245419876916068
0.673500260852632
0.539486805597941
0.7257531958372415
0.5798626281912365
0.7351717964808147
0.6933107078075409
0.5950888518303159
0.6201543966929118
0.2712537712521023
0.5044864890752014
0.6277683244811164
0.6245595339744809
0.801190177599589
0.685330277548896
0.695926817478957
0.4055745204289754
0.6513041826704192
0.5204979512426587
0.5273338783354986
0.6459644634046673
0.6511770151279591
0.31790540899549213
0.42304627731363603
0.6300504746891203
0.7219620460555667
0.7655822152183169
0.7548524091641108
0.62491629475897
0.5256392185886701
0.7227003392246033
0.7476725304410571
0.5235332477660406
0.6859629346264734
0.5389382555371239
0.5770519822835922
0.5579213855995072
0.497077743212382
0.39473719634707005
0.39587757133302237
0.704591777589586
0.7044066728817091
0.7105238346826462
0.6278018769290712
0.6501450479030609
0.4981351163652208
0.0
0.0
0.0
0.0
0.4945076264086224
0.4840199549992879
0.5827151934305826
0.21900933980941772
0.0
0.0
0.5170026189751095
0.0
0.2685283422470093
0.0
0.7317995760175917
0.5325286719534132
0.8451541463534037
0.3158293316761653
0.7985515572406627
0.4460045595963796
0.0
0.5117318012096264
0.4780440462960137
0.0
0.0
0.0
0.6739738533894221
0.21550473074118295
0.0
0.7613089044888816
0.5724442839622498
0.6315243343512217
0.21576077938079835
0.0
0.0
0.3707747840219074
0.21508415043354034
0.6701350410779318
0.21484156449635824
0.2133630116780599
0.6164781411488851
0.3454654316107432
0.0
0.7111537917455039
0.2916904820336236
0.45541013611687553
0.5658125631014507
0.331977688603931
0.3068502651320564
0.0
0.0
0.0
0.603792753484514
0.7108866373697916
0.3851823038525052
0.48876103616896127
0.3491765525605943
0.3901030977567037
0.3472467223803202
0.0
0.4020036878409209
0.5660771131515503
0.4176786663580914
0.4889996101458867
0.5061711246768633
0.2572732000123887
0.42192470175879343
0.0
0.512861262868952
0.555918795367082
0.3118456630479722
0.0
0.5274446308612822
0.3991315041979154
