0.8951293031374613
0.2322602371374766
0.4818341003523932
0.22961736718813577
0.9100777407487234
0.421337886651357
0.8967810968557993
0.21941057840983072
0.6455141305923462
0.5240237580405341
0.39277775486310323
0.7333288987477621
0.5126618385314942
0.6139037609100342
0.5168146932566607
0.5959422588348389
0.3877188364664714
0.44560787081718445
0.9429844617843628
0.8860548834005991
0.5353600945737627
0.22616792718569437
0.8772361675898234
0.5200644334157308
0.8316346458972447
0.4018282989660899
0.25602208574612934
0.2441833515961965
0.566445509592692
0.24372429649035135
0.7724411222669814
0.8011469592650732
0.7916889957879357
0.5558643583898192
0.7254856808318032
0.46462634536955094
0.5693594018618265
0.7201008068190681
0.6600383740884287
0.8145720362663269
0.7760277589162191
0.7721821467081705
0.4170780888310185
0.6016745368639628
0.7012525863117642
0.6144914812511868
0.6898576584127214
0.6212633296295448
0.6200048901416637
0.9019235918919245
0.7698010057210922
0.7932636009322273
0.49082745446099174
0.5100420845879449
0.5997681385940976
0.41965916951497395
0.3584914406140645
0.9592287540435791
0.8965302970674303
0.5912075787782669
0.6443595290184021
0.4307559331258138
0.44674388037787544
0.22832354704538982
0.7854861600531472
0.8012695196602079
0.3656320373217265
0.49430215226279367
0.7306564086959476
0.758427898089091
0.6480123321215312
0.7859606080585056
0.5610647317436006
0.6621207078297933
0.5608188854323494
0.34441647430260974
0.49021711349487307
0.861998352739546
0.662497944302029
0.5033285458882649
0.7605940773373558
0.687486990292867
0.5658200343449911
0.558512016137441
0.5111713687578837
0.8708321325706713
0.6221419274806976
0.47039297421773274
0.5212021420399348
0.4852239638566971
0.6803270900690996
0.7400355509349278
0.6066330686763481
0.5915441044739315
0.6302040484216478
0.666057535012563
0.5137920247183906
0.4935957074165344
0.3615299548421587
0.5240164167351193
0.3919871780607435
0.4093475065849445
0.7196412512234279
0.4969079153878348
0.5752544442812602
0.6919969161351521
0.7503082318370845
0.4652483430173662
0.6378069798151652
0.5997364262739817
0.6136817004945543
0.6285888976520961
0.4979892373085022
0.46523644637178485
0.6896132992373573
0.6539299686749777
0.80777222249243
0.654514536327786
0.7710267901420593
0.535142393339248
0.5725093324269567
0.489627521662485
0.4373624939767141
0.699634627059654
0.694213526778751
0.4381325169215126
0.5798436623704825
0.565237206666648
0.6943875931558156
0.6446209748586019
0.6994509473443031
0.7205786154125676
0.5767238835493723
0.6847083494067192
0.7425365993664378
0.4122889382498605
0.6800584024853177
0.520454296043941
0.6087354984548357
0.65924831598051
0.49005152971025495
0.3815510679805089
0.4246402893747602
0.6656849847899543
0.8086945381429459
0.7413697923932757
0.7050666312376658
0.6323515867430066
0.4981777833567725
0.5090860591994392
0.5727175851662953
0.23480250438054404
0.5297396183013916
0.49069820415406
0.6375174562136332
0.5953403015931448
0.9084175924460093
0.6026065548261007
0.5386166473229727
0.5346218413776821
0.22017460068066916
0.2749116023381551
0.3868382473786672
0.8086221284336514
0.6766125679016113
0.8237658043702444
0.6418517529964447
0.8116409359154878
0.7763321578502657
0.706314914756351
0.7260722562118813
0.928996827867296
0.35005922118822735
0.5340017875035604
0.34763599766625297
0.8128045399983724
0.7113455567095014
0.21682939264509413
0.6764286327362061
0.5643355548381805
0.632606166932318
0.5931121269861858
0.44119366506735486
0.21715395152568817
0.3720352202653885
0.44384342928727466
0.7196267710791694
0.767233693599701
0.7674434026082356
0.5252210776011149
0.7735871424277624
0.48757845163345337
0.6829571422698006
0.6030255184497362
0.5293935581289156
0.5083800850974189
0.6197324673334758
0.5413167754809062
0.41624961694081625
0.7325229150277597
0.37138522466023766
0.6518417265680101
0.6234697004159292
0.5847580265998841
0.4983068988436744
0.669122455296693
0.4900178538428413
0.36919891834259033
0.4645029836230808
0.5043982598516676
0.595628853828188
0.5370350849060785
0.6306842714548111
0.6441027985678778
0.5708577084162878
0.4002825106893267
0.3766474690702226
0.6562169895916389
0.5500500078002611
0.680151085058848
0.5380487336052789
0.6924696539839109
0.6768303074770503
