0.8918490608533224
0.25430606802304584
0.47742007838355166
0.0
0.9072104096412659
0.0
0.7209145426750183
0.22435925404230753
0.6148887077967325
0.5226180122958289
0.3977695047855377
0.7198793490727743
0.7189672688643137
0.5731882850329081
0.7411760240247398
0.5767283240954081
0.0
0.611347109079361
0.2267973025639852
0.0
0.549499515692393
0.0
0.8864236970742544
0.5688209732373556
0.8305643848956578
0.39375414450963336
0.47335867087046307
0.25063468019167584
0.5636352399984995
0.0
0.0
0.0
0.0
0.0
0.4585405422581567
0.0
0.5063628223207262
0.6064947291656776
0.8382084850132595
0.8778910090525945
0.9448432061407301
0.7712019483248392
0.6379381329924971
0.0
0.0
0.49652062522040474
0.6011406757213451
0.6124372923815691
0.0
0.0
0.0
0.7454416089587741
0.0
0.45154807302686906
0.0
0.0
0.0
0.9635984235339694
0.0
0.8842846800883611
0.0
0.0
0.0
0.0
0.5897480828894509
0.0
0.0
0.0
0.6844585378964742
0.0
0.6539109150568644
0.8455431560675303
0.0
0.0
0.2921625812848409
0.0
0.6789502890904745
0.0
0.0
0.0
0.0
0.7970162312189738
0.0
0.0
0.0
0.0
0.0
0.0
0.0
0.0
0.0
0.0
0.0
0.0
0.0
0.0
0.0
0.0
0.0
0.5279044939412011
0.0
0.5506446374787225
0.0
0.0
0.0
0.0
0.0
0.0
0.0
0.0
0.0
0.0
0.0
0.0
0.0
0.0
0.0
0.0
0.0
0.0
0.0
0.0
0.0
0.0
0.0
0.0
0.0
0.0
0.0
0.0
0.0
0.0
0.0
0.0
0.0
0.0
0.0
0.547143836816152
0.0
0.0
0.0
0.0
0.0
0.0
0.0
0.0
0.0
0.0
0.49824857380655074
0.0
0.0
0.0
0.0
0.0
0.826170821984609
0.6051555275917053
0.7124598821004232
0.0
0.0
0.6284679571787516
0.0
0.6019920806090037
0.0
0.0
0.0
0.0
0.0
0.0
0.0
0.0
0.0
0.0
0.0
0.0
0.0
0.0
0.0
0.0
0.0
0.0
0.0
0.0
0.0
0.0
0.0
0.0
0.0
0.0
0.0
0.0
0.0
0.0
0.19919272661209106
0.20549945698844063
0.20495549506611294
0.20360944668451944
0.218646463420656
0.20802603165308634
0.20837167898813883
0.21266927321751913
0.21318071285883586
0.21969466739230686
0.22087234920925564
0.22560070753097533
0.22011580069859824
0.2158958845668369
0.21324013074239095
0.21169568300247193
0.21454654137293497
0.22641602048167475
0.2184513977595738
0.19842935459954397
0.20890563229719797
0.2037022610505422
0.21574203173319498
0.22401677710669382
0.21110272407531738
0.21310236718919542
0.21729413171609244
0.21022926625751315
0.2199832863277859
0.21820477644602457
0.21803638339042664
