1.0
1.0
1.0
1.0
1.0
1.0
1.0
1.0
1.0
1.0
1.0
1.0
1.0
0.0
1.0
1.0
1.0
1.0
1.0
1.0
1.0
1.0
1.0
1.0
1.0
1.0
1.0
1.0
1.0
1.0
1.0
1.0
1.0
0.5
1.0
1.0
1.0
1.0
0.6666666666666666
1.0
1.0
1.0
1.0
0.5
1.0
1.0
1.0
1.0
1.0
1.0
1.0
1.0
1.0
1.0
1.0
1.0
1.0
1.0
1.0
1.0
1.0
1.0
1.0
1.0
1.0
1.0
1.0
1.0
1.0
1.0
1.0
1.0
0.4
0.4
1.0
1.0
1.0
1.0
1.0
1.0
1.0
1.0
1.0
1.0
1.0
1.0
1.0
1.0
1.0
1.0
1.0
1.0
0.8571428571428571
1.0
1.0
1.0
0.8571428571428571
0.75
1.0
0.8571428571428571
1.0
0.5
1.0
0.8571428571428571
1.0
0.888888888888889
1.0
1.0
1.0
1.0
1.0
1.0
0.8571428571428571
1.0
1.0
0.888888888888889
1.0
1.0
1.0
1.0
1.0
1.0
1.0
1.0
0.25
0.8000000000000002
1.0
1.0
0.888888888888889
1.0
1.0
0.9090909090909091
1.0
1.0
1.0
1.0
1.0
0.8000000000000002
1.0
1.0
1.0
1.0
1.0
1.0
1.0
1.0
1.0
0.888888888888889
1.0
0.0
1.0
0.0
0.0
1.0
0.0
1.0
0.0
0.0
0.0
1.0
0.0
0.0
0.0
0.0
0.0
0.5
0.6666666666666666
0.3333333333333333
0.0
0.5
0.5
0.0
0.0
0.0
0.5
0.0
0.0
0.0
0.2222222222222222
0.2
0.6
0.25
0.3333333333333333
0.4
0.0
0.0
0.0
0.7499999999999999
0.4
0.25
0.28571428571428575
0.25
0.0
0.4
0.25
0.0
0.0
0.2
0.0
0.36363636363636365
0.0
0.0
0.6
0.18181818181818182
0.16666666666666666
0.0
0.0
0.04761904761904762
0.20000000000000004
0.0
0.15384615384615385
0.4000000000000001
0.0
0.0
0.3076923076923077
0.1818181818181818
0.0
0.5454545454545454
0.12500000000000003
0.0
0.2857142857142857
0.0
0.0
