1.0
1.0
1.0
1.0
1.0
1.0
1.0
1.0
1.0
1.0
1.0
1.0
1.0
0.6666666666666666
1.0
1.0
1.0
1.0
1.0
1.0
1.0
1.0
1.0
1.0
1.0
1.0
1.0
1.0
1.0
1.0
1.0
1.0
1.0
0.5
1.0
1.0
1.0
1.0
0.6666666666666666
1.0
1.0
1.0
1.0
1.0
1.0
1.0
1.0
1.0
1.0
1.0
1.0
1.0
1.0
1.0
1.0
1.0
1.0
1.0
1.0
1.0
1.0
1.0
1.0
1.0
1.0
1.0
1.0
1.0
1.0
1.0
1.0
1.0
0.4
0.6666666666666666
1.0
1.0
1.0
1.0
1.0
1.0
1.0
1.0
1.0
1.0
0.8571428571428571
1.0
1.0
1.0
1.0
1.0
1.0
1.0
0.8571428571428571
1.0
1.0
1.0
0.5714285714285715
0.8571428571428571
1.0
0.8571428571428571
1.0
0.0
1.0
1.0
1.0
0.888888888888889
1.0
1.0
1.0
1.0
1.0
1.0
0.8571428571428571
1.0
1.0
0.888888888888889
1.0
1.0
1.0
1.0
1.0
1.0
1.0
1.0
0.6666666666666665
0.4444444444444445
0.888888888888889
1.0
0.888888888888889
1.0
1.0
0.8333333333333333
1.0
1.0
1.0
1.0
1.0
0.8000000000000002
1.0
1.0
1.0
1.0
1.0
1.0
1.0
1.0
1.0
1.0
1.0
0.0
0.0
0.0
1.0
1.0
0.0
1.0
0.0
0.0
0.0
1.0
1.0
0.0
0.0
0.8
0.0
0.4
0.5
0.3333333333333333
0.0
0.0
0.0
0.0
0.0
0.5
0.4
0.0
0.0
1.0
0.2
0.28571428571428575
0.8571428571428571
0.0
0.3333333333333333
0.25
0.0
0.28571428571428575
0.0
0.25
0.25
0.2222222222222222
0.28571428571428575
0.3333333333333333
0.0
0.6
0.25
0.5454545454545454
0.0
0.25
0.0
0.36363636363636365
0.22222222222222224
0.22222222222222224
0.7272727272727273
0.04444444444444444
0.0
0.18181818181818182
0.0
0.22222222222222224
0.22222222222222224
0.0
0.12500000000000003
0.6666666666666665
0.0
0.4000000000000001
0.5454545454545454
0.0
0.0
0.16666666666666666
0.42857142857142855
0.15384615384615385
0.2857142857142857
0.0
0.1818181818181818
