1.0
1.0
1.0
0.0
1.0
0.0
1.0
1.0
1.0
1.0
1.0
1.0
1.0
1.0
1.0
1.0
0.0
1.0
1.0
0.0
1.0
0.0
1.0
1.0
1.0
1.0
1.0
1.0
1.0
0.0
0.0
0.0
0.0
0.0
1.0
0.0
1.0
1.0
0.6666666666666666
1.0
1.0
1.0
1.0
0.0
0.6666666666666666
1.0
1.0
1.0
0.0
0.0
0.0
1.0
0.0
1.0
0.0
0.0
0.0
1.0
0.6666666666666666
1.0
0.0
0.0
0.0
0.0
1.0
0.0
0.0
1.0
1.0
0.5
1.0
1.0
0.0
0.0
1.0
0.0
1.0
0.0
0.0
0.0
0.0
1.0
0.3333333333333333
0.2222222222222222
0.0
1.0
0.0
0.0
0.0
0.0
0.8571428571428571
0.0
0.0
0.0
0.0
1.0
0.0
0.0
0.0
1.0
1.0
1.0
0.0
0.0
0.0
0.0
0.8571428571428571
0.0
0.4
0.4
0.0
0.0
0.0
0.0
0.0
0.25
0.0
0.28571428571428575
1.0
0.0
0.0
0.0
0.0
0.20000000000000004
0.0
0.0
0.0
0.0
0.0
0.16666666666666666
0.20000000000000004
0.5
0.0
0.0
1.0
1.0
0.25
1.0
0.0
0.13333333333333333
0.0
0.0
0.0
0.0
0.0
0.0
1.0
0.0
1.0
0.0
0.0
0.0
0.0
0.0
1.0
1.0
1.0
0.0
0.0
1.0
0.0
1.0
0.0
0.0
0.0
0.0
0.0
0.0
0.0
0.0
0.0
0.0
0.0
0.0
0.0
0.0
0.0
0.0
0.0
0.0
0.0
0.0
0.0
0.0
0.0
0.0
0.0
1.0
1.0
0.5
0.0
0.0
0.0
0.0
0.0
0.0
0.0
0.0
0.0
0.0
0.0
0.0
0.28571428571428575
0.0
0.0
0.25
0.0
0.0
0.0
0.0
0.33333333333333337
0.28571428571428575
0.20000000000000004
0.0
0.0
0.0
0.0
0.0
0.1818181818181818
0.0
0.0
0.0
0.0
