0.9643375873565674
0.9497248530387878
0.9687525033950806
0.9757265448570251
0.7669166326522827
0.9894452691078186
0.9912402033805847
0.9606166481971741
0.9762077927589417
0.12520667910575867
0.9862218499183655
0.9219754338264465
0.9856131672859192
0.05586657300591469
0.9833659529685974
0.9870080351829529
0.9622179865837097
0.9871009588241577
0.9776972532272339
0.9902190566062927
0.9793643355369568
0.9563519954681396
0.9815971851348877
0.9806340932846069
0.9586520195007324
0.9855507612228394
0.9893304705619812
0.26371538639068604
0.9669938683509827
0.9717555642127991
0.9932783246040344
0.989535927772522
0.9917814135551453
0.11794355511665344
0.9375318288803101
0.9746963381767273
0.0012392208445817232
0.981012761592865
0.9837934374809265
0.9876266121864319
0.936104953289032
0.9817125201225281
0.993286669254303
0.9918444752693176
0.9711305499076843
0.9922491312026978
0.9914076924324036
0.9919291734695435
0.9828028082847595
0.9620859026908875
0.9875856637954712
0.9908753633499146
0.9921405911445618
0.9566339254379272
0.9790982007980347
0.990702748298645
0.8645557165145874
0.9919414520263672
0.01702873781323433
0.9819017052650452
0.18158720433712006
0.92503422498703
0.9595235586166382
0.2669944763183594
0.9942850470542908
0.9914617538452148
0.9702585339546204
0.9727862477302551
0.9614376425743103
0.9738605618476868
0.8475345373153687
0.9942775368690491
0.24294422566890717
0.7972904443740845
0.9320490956306458
0.9581253528594971
0.9432762861251831
0.9700779914855957
0.9656245112419128
0.9773000478744507
0.8809848427772522
0.9706557393074036
0.8683096766471863
0.9775285124778748
0.9548729062080383
0.9942968487739563
0.9889457821846008
0.8285285234451294
0.7899221181869507
0.8934419751167297
0.9602445363998413
0.9886194467544556
0.981801450252533
0.977803111076355
0.9716407656669617
0.7201452851295471
0.9566921591758728
0.9620500802993774
0.8007322549819946
0.95918869972229
0.9631990194320679
0.4916000962257385
0.989663302898407
0.9401583671569824
0.9730458855628967
0.5613350868225098
0.9671602249145508
0.9799340963363647
0.9813521504402161
0.9891112446784973
0.9336226582527161
0.9088077545166016
0.9913438558578491
0.9649205207824707
0.9898989796638489
0.9879336953163147
0.9917494058609009
0.8788506388664246
0.9895613789558411
0.786681056022644
0.750942587852478
0.9809812307357788
0.9301424622535706
0.9720171093940735
0.9783831238746643
0.923209547996521
0.9703641533851624
0.9863415360450745
0.983790934085846
0.992344081401825
0.9788757562637329
0.8710968494415283
0.8831884860992432
0.21504880487918854
0.5708111524581909
0.9755588173866272
0.9876839518547058
0.393818199634552
0.9513830542564392
0.9645839929580688
0.9376161694526672
0.9515933990478516
0.9355658292770386
0.988447368144989
0.9057082533836365
0.9875348806381226
0.6566542387008667
0.8660657405853271
0.9205774068832397
0.09324641525745392
0.5865664482116699
0.009496492333710194
0.7133446931838989
0.936042308807373
0.009158949367702007
0.9080135822296143
0.7389351725578308
0.8074808120727539
0.32214346528053284
0.8376701474189758
0.6225273013114929
0.7008381485939026
0.07367280125617981
0.38009461760520935
0.48590412735939026
0.3766653537750244
0.3780234754085541
0.3331107497215271
0.1583806723356247
0.5117233991622925
0.07736986875534058
0.05575324967503548
0.011139780282974243
0.16152818500995636
0.44536158442497253
0.029535897076129913
0.09800336509943008
0.22362932562828064
0.36019468307495117
0.27100419998168945
0.20608706772327423
0.01062006689608097
0.029945308342576027
0.8948363661766052
0.4394422471523285
0.26306265592575073
0.07117336988449097
0.1685796082019806
0.3263629972934723
0.010650170966982841
0.6267018914222717
0.6160489320755005
0.4109908938407898
0.3186446726322174
0.24888119101524353
0.009150863625109196
0.026780081912875175
0.48321306705474854
0.26158255338668823
0.5222914218902588
0.5769474506378174
0.0770009383559227
0.07619301229715347
0.022723056375980377
0.12558051943778992
0.14003971219062805
0.07111853361129761
0.647520124912262
0.16878262162208557
0.07242867350578308
0.052108995616436005
0.010803663171827793
0.38746559619903564
0.1684018075466156
0.19883063435554504
0.4170759320259094
0.11418088525533676
0.23680424690246582
0.2227344512939453
0.009239797480404377
0.20933525264263153
0.12952546775341034
0.0814928412437439
