0.978888213634491
0.0013262704014778137
0.5095383524894714
0.5586923956871033
0.9775057435035706
0.9836553335189819
0.9912402033805847
0.6493598222732544
0.8258653879165649
0.12520667910575867
0.9825975298881531
0.9302628636360168
0.9852411150932312
0.33725041151046753
0.9852696061134338
0.9877176284790039
0.017442351207137108
0.9885910153388977
0.1708650439977646
0.0918353796005249
0.9926483035087585
0.9735119938850403
0.9815971851348877
0.04558224231004715
0.9586520195007324
0.9844179153442383
0.059764549136161804
0.6451690793037415
0.9551997184753418
0.9553807377815247
0.9931898713111877
0.04250994697213173
0.9938493371009827
0.9885162115097046
0.2079586386680603
0.8122069835662842
0.9439574480056763
0.9896817803382874
0.00742367934435606
0.9876266121864319
0.9914222359657288
0.9798086285591125
0.9820452332496643
0.9832744002342224
0.9858675599098206
0.9918145537376404
0.9914076924324036
0.9904904365539551
0.12970185279846191
0.9907705783843994
0.9374948143959045
0.0019735784735530615
0.05474984273314476
0.27870360016822815
0.9790982007980347
0.990702748298645
0.00503193773329258
0.9919414520263672
0.007365513127297163
0.9842306971549988
0.1730562448501587
0.01746220514178276
0.992420494556427
0.15282677114009857
0.9918004870414734
0.8201286792755127
0.9395782351493835
0.9864533543586731
0.041064709424972534
0.9821013808250427
0.44900208711624146
0.08351264894008636
0.01034824550151825
0.950130045413971
0.9103640913963318
0.7778059840202332
0.9862579107284546
0.9813737273216248
0.0030165016651153564
0.0009085648925974965
0.044798366725444794
0.1255556046962738
0.010552902705967426
0.9924992918968201
0.6212900280952454
0.9942525029182434
0.9883021712303162
0.019860606640577316
0.6834028959274292
0.6505482792854309
0.936262845993042
0.9888038039207458
0.9658606648445129
0.9799305200576782
0.9062137007713318
0.558355450630188
0.03576773777604103
0.0013971481239423156
0.014005710370838642
0.12153194844722748
0.9568405747413635
0.18351563811302185
0.9716864228248596
0.983838677406311
0.987481951713562
0.9904639720916748
0.9833465814590454
0.13265134394168854
0.8539873957633972
0.9857606291770935
0.9619409441947937
0.7712469100952148
0.9823129773139954
0.9895106554031372
0.9901255369186401
0.9911110401153564
0.006752141751348972
0.9775724411010742
0.9883644580841064
0.1703350692987442
0.9872295260429382
0.9698777198791504
0.7946746349334717
0.818614661693573
0.053061679005622864
0.011369719170033932
0.9595849514007568
0.6819769740104675
0.9544973969459534
0.9901699423789978
0.9804635643959045
0.5935364961624146
0.9446582794189453
0.0014208320062607527
0.003855931106954813
0.969373345375061
0.9898205995559692
0.7468205690383911
0.9779312014579773
0.001514709321781993
0.9664770364761353
0.9748020172119141
0.0015436479588970542
0.9883837103843689
0.9250365495681763
0.9941784143447876
0.849784255027771
0.982267439365387
0.03826960176229477
0.055993255227804184
0.5660077333450317
0.1038600355386734
0.06982264667749405
0.9414164423942566
0.12150733172893524
0.00652393838390708
0.08727996051311493
0.09494249522686005
0.08802253007888794
0.9505502581596375
0.0568833164870739
0.07821916788816452
0.026270387694239616
0.11030178517103195
0.009827639907598495
0.09980402141809464
0.04245312139391899
0.0036194748245179653
0.01111123152077198
0.15863901376724243
0.18722718954086304
0.3903915286064148
0.14504505693912506
0.1538589894771576
0.15768679976463318
0.19486205279827118
0.0072328513488173485
0.20847560465335846
0.12489250302314758
0.12142027169466019
0.0014765314990654588
0.04019623249769211
0.07494199275970459
0.08417873829603195
0.02406829036772251
0.013857027515769005
0.10428885370492935
0.024517279118299484
0.0236800666898489
0.010339343920350075
0.01941329799592495
0.06589723378419876
0.03210080787539482
0.7968363165855408
0.0056894258596003056
0.17685920000076294
0.11921465396881104
0.1521851271390915
0.08284814655780792
0.1587872952222824
0.10991790890693665
0.07154196500778198
0.14924463629722595
0.08201155066490173
0.00918346457183361
0.021778110414743423
0.04445115476846695
0.21662503480911255
0.12239953130483627
0.041444215923547745
0.022621843963861465
0.006846197880804539
0.17074307799339294
0.0724637359380722
0.04034239426255226
0.18293122947216034
0.12514877319335938
0.08141960948705673
0.005427476484328508
0.06779848039150238
0.1584901213645935
0.07121173292398453
0.02738756686449051
