0.9853181838989258
0.9558005928993225
0.9917680025100708
0.004726285580545664
0.7669166326522827
0.984963595867157
0.9912402033805847
0.8903552889823914
0.9762077927589417
0.09901916235685349
0.9730626940727234
0.9299792647361755
0.9882861971855164
0.9894830584526062
0.15938526391983032
0.9877176284790039
0.6674540638923645
0.9885910153388977
0.2629837989807129
0.05604812130331993
0.9926483035087585
0.10373332351446152
0.2893477976322174
0.9845171570777893
0.9586520195007324
0.9504603147506714
0.9831308126449585
0.6451690793037415
0.9551997184753418
0.9553807377815247
0.9914858937263489
0.5680630207061768
0.9939847588539124
0.9692755937576294
0.9244558811187744
0.9039350152015686
0.002915328135713935
0.9887998104095459
0.9798420667648315
0.9876266121864319
0.9919613003730774
0.9798086285591125
0.9872261881828308
0.9800997376441956
0.973828136920929
0.9844122529029846
0.9914076924324036
0.9904904365539551
0.9781596064567566
0.9878236055374146
0.9848840236663818
0.9898063540458679
0.9899682402610779
0.5864599943161011
0.9414222836494446
0.980504035949707
0.9791157841682434
0.9936727285385132
0.004792831838130951
0.9791578650474548
0.020691348239779472
0.9825330972671509
0.992420494556427
0.9099623560905457
0.9934458136558533
0.06595034152269363
0.9310207962989807
0.9378786683082581
0.9705237150192261
0.9724303483963013
0.88102126121521
0.9937475919723511
0.6401296257972717
0.3351834714412689
0.989866316318512
0.9378491640090942
0.9447925686836243
0.9840922355651855
0.9802943468093872
0.9602174162864685
0.20921209454536438
0.9751782417297363
0.937472403049469
0.9924992918968201
0.2294931560754776
0.9819840788841248
0.9873784184455872
0.8498760461807251
0.936381459236145
0.9618579149246216
0.9741852879524231
0.9748653173446655
0.9770445227622986
0.9884759187698364
0.9727089405059814
0.7726877927780151
0.9478233456611633
0.9874897599220276
0.8506821990013123
0.981310248374939
0.9180471301078796
0.1326296627521515
0.9860192537307739
0.9295514822006226
0.9729409217834473
0.8011525273323059
0.9728085398674011
0.9717276692390442
0.44560807943344116
0.9866732358932495
0.9689899682998657
0.44377008080482483
0.9815142750740051
0.9792202711105347
0.9414989948272705
0.9854008555412292
0.9916853904724121
0.8961869478225708
0.8943740725517273
0.9030597805976868
0.9758260846138
0.7730746269226074
0.9715025424957275
0.9770432710647583
0.967452883720398
0.9750041365623474
0.9666271805763245
0.9822758436203003
0.06190399453043938
0.990174412727356
0.989113450050354
0.5256723165512085
0.7500455379486084
0.9117975831031799
0.05633821338415146
0.9293705224990845
0.962654173374176
0.9192221164703369
0.8906326293945312
0.9630818963050842
0.9658335447311401
0.9802363514900208
0.9599152207374573
0.982987642288208
0.7086352109909058
0.9631867408752441
0.5306222438812256
0.9809116125106812
0.9888317584991455
0.5648487210273743
0.061298489570617676
0.9627972841262817
0.9086417555809021
0.920624315738678
0.9788478016853333
0.9837686419487
0.964940071105957
0.9819564819335938
0.979060173034668
0.9711374044418335
0.9693676233291626
0.4898783266544342
0.8617801666259766
0.7001799941062927
0.9788519144058228
0.005620192736387253
0.21370108425617218
0.9756084084510803
0.7142605185508728
0.9381822347640991
0.9291496276855469
0.9160395264625549
0.4228420853614807
0.39976006746292114
0.888751745223999
0.98002028465271
0.8506208658218384
0.34394198656082153
0.9556663632392883
0.05194000154733658
0.6558557152748108
0.9662549495697021
0.9296469688415527
0.9569893479347229
0.04845704883337021
0.5532069802284241
0.3972991704940796
0.3860307037830353
0.48086151480674744
0.4725106656551361
0.9506347179412842
0.9839016795158386
0.9623206853866577
0.5934122204780579
0.729402482509613
0.5050627589225769
0.8266935348510742
0.8124280571937561
0.5324642062187195
0.9791856408119202
0.7535539865493774
0.7244672179222107
0.3501853942871094
0.5292394757270813
0.11461564153432846
0.422498881816864
0.17682026326656342
0.5760003924369812
0.7775945067405701
0.11017121374607086
0.5970124006271362
0.4224085807800293
0.5955338478088379
0.37819308042526245
0.8563455939292908
0.005690911319106817
0.033066652715206146
0.08706696331501007
0.6361430883407593
0.756809413433075
0.7653374075889587
0.6966452598571777
0.640861451625824
