0.9853181838989258
0.7197617292404175
0.992950439453125
0.9851153492927551
0.9775057435035706
0.9746050834655762
0.0607202909886837
0.8257042169570923
0.9394246935844421
0.12520667910575867
0.9825044274330139
0.9302628636360168
0.9885625839233398
0.40034326910972595
0.9820166230201721
0.9857021570205688
0.92864990234375
0.9871009588241577
0.1708650439977646
0.17371989786624908
0.9926483035087585
0.9749811291694641
0.9860801100730896
0.1036653146147728
0.9586520195007324
0.6155065298080444
0.982813835144043
0.03356457129120827
0.8969831466674805
0.9553807377815247
0.9937799572944641
0.17584267258644104
0.9938493371009827
0.9904576539993286
0.011752120219171047
0.3200412094593048
0.013412032276391983
0.981012761592865
0.9898307919502258
0.9892176389694214
0.9904195666313171
0.9798086285591125
0.9883356094360352
0.9849886894226074
0.9823728799819946
0.9920309782028198
0.9936308264732361
0.9915416836738586
0.013461546041071415
0.9880515336990356
0.9885467290878296
0.0013669464970007539
0.7739216089248657
0.9893614649772644
0.9830636382102966
0.9878367781639099
0.002501522656530142
0.9938043355941772
0.030091213062405586
0.9842306971549988
0.028789779171347618
0.09110762178897858
0.9634501338005066
0.16077497601509094
0.9937200546264648
0.9900564551353455
0.9387186765670776
0.3074016273021698
0.1472731977701187
0.990107536315918
0.9690597057342529
0.9887000918388367
0.9014773368835449
0.018624290823936462
0.9761062264442444
0.6326522827148438
0.982435941696167
0.9549395442008972
0.007462667766958475
0.0012108152732253075
0.007581417914479971
0.21828292310237885
0.015577871352434158
0.9884782433509827
0.8286054134368896
0.9878145456314087
0.9900130033493042
0.0023330298718065023
0.9287883043289185
0.030191997066140175
0.1609094738960266
0.005171637516468763
0.9785939455032349
0.0494471937417984
0.9305952787399292
0.057258959859609604
0.009091326966881752
0.8333274126052856
0.9804800748825073
0.7629559636116028
0.9612439870834351
0.29271894693374634
0.867827296257019
0.9848645925521851
0.9844733476638794
0.9595223665237427
0.7261514067649841
0.001957119442522526
0.9748968482017517
0.9855513572692871
0.8704261183738708
0.7063186168670654
0.9900279641151428
0.9783139824867249
0.9898989796638489
0.9710344076156616
0.9907985925674438
0.9355790019035339
0.10341372340917587
0.09241033345460892
0.7453516721725464
0.9692564010620117
0.9312050342559814
0.1071917787194252
0.413356214761734
0.8182229995727539
0.7819598317146301
0.9445945620536804
0.9704050421714783
0.9901699423789978
0.9885627031326294
0.08454647660255432
0.9575914144515991
0.38355115056037903
0.07878542691469193
0.9666327238082886
0.005993151571601629
0.6139639616012573
0.9846192002296448
0.9698809385299683
0.987940788269043
0.9737642407417297
0.002181118819862604
0.972579836845398
0.9636090397834778
0.9942951798439026
0.349534809589386
0.9875128865242004
0.003613546025007963
0.9849693775177002
0.9721615314483643
0.9780250787734985
0.8772051930427551
0.9414164423942566
0.006269676145166159
0.015873681753873825
0.9270151257514954
0.9346941709518433
0.9040637016296387
0.010079880245029926
0.9824621677398682
0.26703107357025146
0.9836171865463257
0.22451159358024597
0.8138687014579773
0.05445829778909683
0.07677409797906876
0.009888098575174809
0.014042070135474205
0.9134098291397095
0.04741175100207329
0.9663524627685547
0.9818614721298218
0.9841659069061279
0.9893518090248108
0.11929371953010559
0.9572251439094543
0.9914885759353638
0.9578660726547241
0.964201033115387
0.012788992375135422
0.07712362706661224
0.9756901264190674
0.9714018702507019
0.9785233736038208
0.9801367521286011
0.9793649911880493
0.0020929749589413404
0.0024739194195717573
0.7178937792778015
0.010232623666524887
0.949764609336853
0.017153358086943626
0.16613420844078064
0.05813777819275856
0.01071659941226244
0.07172908633947372
0.9881656169891357
0.9805461764335632
0.7915083169937134
0.9750151038169861
0.9097087383270264
0.9095239639282227
0.9294878244400024
0.9565470814704895
0.32313358783721924
0.6130973100662231
0.9711190462112427
0.979985237121582
0.01827172376215458
0.26635855436325073
0.007136187981814146
0.11582791805267334
0.08889851719141006
0.24896830320358276
0.46163836121559143
0.9569393396377563
0.05131981149315834
0.28780415654182434
0.056352660059928894
0.9196634292602539
0.9727398753166199
0.7982155084609985
