0.9853181838989258
0.9668825268745422
0.3417515456676483
0.0398714542388916
0.9775057435035706
0.9879010915756226
0.9888731837272644
0.9800094962120056
0.9762077927589417
0.985901415348053
0.950901210308075
0.9299792647361755
0.9758508205413818
0.21249903738498688
0.9813249707221985
0.986362636089325
0.05560162663459778
0.9871009588241577
0.1708650439977646
0.10718752443790436
0.9772437810897827
0.9794248342514038
0.9815971851348877
0.9899120926856995
0.9629367589950562
0.9831294417381287
0.9831308126449585
0.6451690793037415
0.2025156468153
0.9303377270698547
0.0017969536129385233
0.18210606276988983
0.7931329607963562
0.1449003964662552
0.9108697772026062
0.9654355645179749
0.11738728731870651
0.14971758425235748
0.9905982613563538
0.9890873432159424
0.9854764342308044
0.9259943962097168
0.17169150710105896
0.8894222378730774
0.8532190322875977
0.9922491312026978
0.9883611798286438
0.9899588227272034
0.441009521484375
0.15591846406459808
0.9683393836021423
0.9866623282432556
0.9848363995552063
0.9531649947166443
0.9344397783279419
0.9878367781639099
0.5053589344024658
0.9932631850242615
0.011324988678097725
0.981573224067688
0.9018656611442566
0.17527896165847778
0.9544920921325684
0.7666555643081665
0.9938282370567322
0.9883026480674744
0.6921448707580566
0.8130093812942505
0.5365129709243774
0.21266324818134308
0.9753561615943909
0.9788507223129272
0.8435845375061035
0.42914435267448425
0.9825373291969299
0.38665878772735596
0.564949095249176
0.7091825008392334
0.943510890007019
0.2910280227661133
0.0013972342712804675
0.9647305607795715
0.6774147152900696
0.8580461740493774
0.08424786478281021
0.9031268358230591
0.975383460521698
0.7996701598167419
0.7566196918487549
0.6672899127006531
0.7885856032371521
0.9889128804206848
0.7431705594062805
0.011885996907949448
0.013846336863934994
0.9430252909660339
0.9826185703277588
0.6070091724395752
0.5115690231323242
0.9885156154632568
0.8574979305267334
0.38593119382858276
0.7876730561256409
0.8534829020500183
0.987567663192749
0.3302995264530182
0.3724777400493622
0.9087706208229065
0.35440754890441895
0.7387359142303467
0.5537160634994507
0.17984788119792938
0.009406824596226215
0.9826745390892029
0.9184203147888184
0.8489854335784912
0.28691673278808594
0.18957550823688507
0.07317009568214417
0.09056978672742844
0.9004964232444763
0.479933500289917
0.9780681729316711
0.9688788056373596
0.9678965210914612
0.0904083177447319
0.4796692132949829
0.31289777159690857
0.49054843187332153
0.543319821357727
0.9599635601043701
0.3622499108314514
0.4148023724555969
0.12259037792682648
0.48902615904808044
0.6990099549293518
0.879483699798584
0.22201305627822876
0.329953670501709
0.5998353362083435
0.2098524123430252
0.0382206067442894
0.38329172134399414
0.9887534379959106
0.3907792568206787
0.8829357028007507
0.26262274384498596
0.3666929304599762
0.9888317584991455
0.06723009049892426
0.04501751437783241
0.7945870161056519
0.036790408194065094
0.9408060908317566
0.9772070050239563
0.9882974028587341
0.9879330992698669
0.4334549605846405
0.6576007604598999
0.9895071387290955
0.4484708607196808
0.9879966378211975
0.5662487149238586
0.47521138191223145
0.6417856812477112
0.6268793344497681
0.3637707531452179
0.263078510761261
0.6212612986564636
0.9105446338653564
0.012737644836306572
0.06933286041021347
0.19937573373317719
0.1604662835597992
0.012352857738733292
0.9624758958816528
0.055002570152282715
0.0657220333814621
0.5686917304992676
0.010190692730247974
0.3546783924102783
0.3620680570602417
0.41571369767189026
0.11425498872995377
0.3371579945087433
0.20198245346546173
0.4197428524494171
0.4996184706687927
0.5643203258514404
0.7201288342475891
0.07291574776172638
0.0290741678327322
0.019681209698319435
0.05358005315065384
0.13539421558380127
0.6167206764221191
0.5104990601539612
0.7612711191177368
0.04169328883290291
0.816132664680481
0.14210523664951324
0.4728070795536041
0.2970081865787506
0.03752264752984047
0.07625944912433624
0.25802281498908997
0.614531397819519
0.32561761140823364
0.7454327940940857
0.01452229917049408
0.07134825736284256
0.03047822415828705
0.08015313744544983
0.06472345441579819
0.14434261620044708
0.012002204544842243
0.6383525133132935
0.012751094996929169
0.12669609487056732
0.3169684112071991
0.11791574954986572
0.2349657565355301
0.32332128286361694
