0.9739965796470642
0.8081061244010925
0.9859598875045776
0.9779332876205444
0.9193860292434692
0.9848297834396362
0.9912402033805847
0.7891320586204529
0.9707386493682861
0.9143293499946594
0.9805948138237
0.9144919514656067
0.890727698802948
0.9428842067718506
0.9685001373291016
0.9775137901306152
0.9061195254325867
0.9770763516426086
0.9821736812591553
0.9176183342933655
0.9540058970451355
0.9637399315834045
0.9336045980453491
0.9322983622550964
0.9734143018722534
0.9770841002464294
0.9853191375732422
0.6451690793037415
0.9745362401008606
0.9035196304321289
0.9848025441169739
0.7743813395500183
0.9892690777778625
0.7915342450141907
0.8553574085235596
0.968937337398529
0.9066001772880554
0.9929303526878357
0.9860846996307373
0.9892157316207886
0.9898791313171387
0.9798086285591125
0.9849507808685303
0.9919369220733643
0.9839612245559692
0.9831589460372925
0.9915613532066345
0.9919291734695435
0.991313636302948
0.9851208925247192
0.9898422360420227
0.9878877401351929
0.9865923523902893
0.4109783470630646
0.9763374924659729
0.9869711399078369
0.9694036245346069
0.9929914474487305
0.010649098083376884
0.9804390668869019
0.7204440236091614
0.6610335111618042
0.9623507261276245
0.6765238046646118
0.9938289523124695
0.9845671057701111
0.9842350482940674
0.9710772633552551
0.807896077632904
0.8300520181655884
0.8601090908050537
0.9882412552833557
0.9614917635917664
0.368450403213501
0.9896395206451416
0.9704858660697937
0.9663290977478027
0.9487044811248779
0.8451796174049377
0.960581362247467
0.9772912859916687
0.7180789113044739
0.902493953704834
0.9905166029930115
0.9506624341011047
0.9930718541145325
0.9660035967826843
0.07722621411085129
0.711280882358551
0.3771592378616333
0.9587005972862244
0.985401451587677
0.9870730638504028
0.9885513186454773
0.712920606136322
0.6969586610794067
0.9205435514450073
0.9675406217575073
0.8871209025382996
0.9874019026756287
0.9657811522483826
0.6896628737449646
0.9917665123939514
0.9719003438949585
0.9810475707054138
0.9791374206542969
0.9142193794250488
0.9130163788795471
0.9878081679344177
0.984219491481781
0.9727190136909485
0.9393539428710938
0.9932194352149963
0.9775193929672241
0.9341442584991455
0.991858184337616
0.9922939538955688
0.9701579213142395
0.8538153767585754
0.4736199676990509
0.9886666536331177
0.9446738362312317
0.9820041060447693
0.8680068850517273
0.9604287147521973
0.9664671421051025
0.9758947491645813
0.9741111397743225
0.07319619506597519
0.992306649684906
0.9651414752006531
0.6118798851966858
0.8564499020576477
0.9640828371047974
0.20231565833091736
0.9743052124977112
0.9886931777000427
0.11610997468233109
0.9481781721115112
0.9774839878082275
0.9701512455940247
0.9271095991134644
0.8944871425628662
0.9871934056282043
0.8166919350624084
0.9925260543823242
0.7671523690223694
0.9867323040962219
0.9838852882385254
0.9702699780464172
0.9709740281105042
0.9756364226341248
0.9741316437721252
0.871198832988739
0.4633117616176605
0.9785948395729065
0.9861828088760376
0.9853785037994385
0.9784892797470093
0.9591674208641052
0.9806756377220154
0.6716787219047546
0.9473432302474976
0.9885138869285583
0.06798666715621948
0.9282682538032532
0.7119545936584473
0.9067361950874329
0.7695515155792236
0.9629231691360474
0.9841290712356567
0.9780603051185608
0.9707610011100769
0.9646043181419373
0.9734940528869629
0.9793986082077026
0.9809788465499878
0.9806475043296814
0.9348666667938232
0.7073333263397217
0.7796582579612732
0.967818558216095
0.9815487265586853
0.9781376123428345
0.9450652599334717
0.9211000204086304
0.8160861134529114
0.9644913077354431
0.971213698387146
0.9704195261001587
0.8159976005554199
0.9576485753059387
0.8693272471427917
0.11074293404817581
0.0519624687731266
0.9584082365036011
0.9508808255195618
0.9352837800979614
0.9686222672462463
0.9623944163322449
0.9527913928031921
0.9788822531700134
0.9088574647903442
0.9549461603164673
0.9668084383010864
0.9646879434585571
0.9672374725341797
0.9543473124504089
0.9570006132125854
0.9271302819252014
0.8049963116645813
0.021589966490864754
0.1355985850095749
0.9524457454681396
0.9178418517112732
0.594962477684021
0.9688857793807983
0.9416075944900513
0.8833897113800049
0.9523224234580994
0.7258897423744202
0.8994952440261841
0.8715522885322571
