0.9809257388114929
0.7786458134651184
0.31440380215644836
0.5922048091888428
0.9725091457366943
0.9869555830955505
0.9901719689369202
0.8735466003417969
0.9099008440971375
0.8426702618598938
0.9318847060203552
0.9748451709747314
0.9877440333366394
0.976666271686554
0.973791241645813
0.9877176284790039
0.6220324039459229
0.8922069072723389
0.9912426471710205
0.6251731514930725
0.9772437810897827
0.972623348236084
0.981483519077301
0.9899120926856995
0.7676568031311035
0.9601652026176453
0.7085853815078735
0.9132382273674011
0.9802280068397522
0.9416851997375488
0.9933979511260986
0.9921355247497559
0.03636782616376877
0.9904820919036865
0.9410693049430847
0.8460839986801147
0.697206974029541
0.9905378818511963
0.9893494844436646
0.9892176389694214
0.9668694734573364
0.9323841333389282
0.9924817681312561
0.9802085161209106
0.9697495698928833
0.9925129413604736
0.9898187518119812
0.9886631369590759
0.9890629649162292
0.9874588251113892
0.9917007088661194
0.9879010915756226
0.9867991805076599
0.9251031875610352
0.9805810451507568
0.9901812076568604
0.9440844655036926
0.9909036755561829
0.0021198235917836428
0.9820713400840759
0.023825746029615402
0.01080053485929966
0.031406156718730927
0.5653801560401917
0.99378502368927
0.9657067656517029
0.9390769004821777
0.8028066158294678
0.9518296718597412
0.978341817855835
0.7547454833984375
0.9901182055473328
0.796931803226471
0.9124783873558044
0.9397740960121155
0.9652203917503357
0.7580848932266235
0.9769143462181091
0.839729905128479
0.9614294171333313
0.9290779829025269
0.9722921252250671
0.8474419116973877
0.8251262307167053
0.9901374578475952
0.9922343492507935
0.9867052435874939
0.9287668466567993
0.8817110061645508
0.6469706892967224
0.9560642242431641
0.9513059258460999
0.8409085869789124
0.9849745035171509
0.938734769821167
0.6011659502983093
0.9925365447998047
0.9840556383132935
0.28973010182380676
0.9858040809631348
0.9530565142631531
0.9289180040359497
0.9821734428405762
0.9746958613395691
0.9844189286231995
0.9838268160820007
0.9700435996055603
0.9656891226768494
0.9724035263061523
0.9831953644752502
0.9465444087982178
0.9596529006958008
0.009901016019284725
0.9873563051223755
0.9572710990905762
0.9192903637886047
0.9923900961875916
0.9671716094017029
0.9253943562507629
0.828563928604126
0.9407944679260254
0.8856565952301025
0.9448620080947876
0.9264243841171265
0.9856898784637451
0.9500525593757629
0.4317685067653656
0.9025080800056458
0.5687568187713623
0.9935593605041504
0.9746599793434143
0.9747656583786011
0.034566234797239304
0.9219250679016113
0.7852604389190674
0.9322256445884705
0.9839140176773071
0.9303554892539978
0.052714426070451736
0.9692651629447937
0.9854082465171814
0.9817869663238525
0.636625349521637
0.9757599234580994
0.9190553426742554
0.9910560846328735
0.6730923652648926
0.5877687335014343
0.9888317584991455
0.5720686912536621
0.5840192437171936
0.527423620223999
0.4290059804916382
0.9499189853668213
0.9313750267028809
0.9895753860473633
0.9584506154060364
0.4384305775165558
0.5415804982185364
0.9462857246398926
0.648672878742218
0.9921789169311523
0.5628901124000549
0.9908906817436218
0.9771395325660706
0.986117422580719
0.3861391544342041
0.9773221015930176
0.9155442118644714
0.5443717837333679
0.9784582257270813
0.9829553961753845
0.6093930006027222
0.5845127701759338
0.7193201780319214
0.9680330157279968
0.9269561171531677
0.6029515266418457
0.9778432250022888
0.45960310101509094
0.1656511276960373
0.9903951287269592
0.5702832937240601
0.6796041131019592
0.9889423847198486
0.9829634428024292
0.9821334481239319
0.9920907020568848
0.9917013049125671
0.9887700080871582
0.6937299370765686
0.4394369125366211
0.791683554649353
0.6568815112113953
0.47845324873924255
0.3194001019001007
0.7121536135673523
0.9896883964538574
0.45771729946136475
0.6612626910209656
0.6045300364494324
0.9815496802330017
0.9638943672180176
0.9864545464515686
0.9764743447303772
0.985292375087738
0.9825594425201416
0.9855880737304688
0.5659114122390747
0.9791293144226074
0.6732163429260254
0.08543580025434494
0.5815801620483398
0.6071020364761353
0.9679843187332153
0.9717906713485718
0.6037513613700867
0.7515974044799805
0.7147217988967896
0.11536937952041626
0.1333659589290619
0.9397754073143005
0.9666433334350586
