0.9809257388114929
0.8054351806640625
0.9877665042877197
0.9871104955673218
0.7669166326522827
0.9759275913238525
0.9911477565765381
0.9639699459075928
0.9762077927589417
0.9485006332397461
0.9915567636489868
0.9784973859786987
0.9889594316482544
0.989376425743103
0.9821439981460571
0.032125622034072876
0.9854336977005005
0.9871009588241577
0.41296088695526123
0.22893387079238892
0.9793643355369568
0.899256706237793
0.9868527054786682
0.9633032083511353
0.9648604989051819
0.9650329947471619
0.9870497584342957
0.759331226348877
0.9905189871788025
0.9373945593833923
0.9918941855430603
0.983833372592926
0.9935763478279114
0.8804338574409485
0.8593474626541138
0.9410227537155151
0.9771455526351929
0.9922595620155334
0.9904780387878418
0.9892471432685852
0.6602259278297424
0.9676256775856018
0.8253305554389954
0.9800997376441956
0.808992326259613
0.39845117926597595
0.9932641983032227
0.9917972087860107
0.24531255662441254
0.9878606200218201
0.9755892157554626
0.9912791848182678
0.9891974329948425
0.9770127534866333
0.9822695851325989
0.9715058207511902
0.9874431490898132
0.9939188957214355
0.011059216223657131
0.9788789749145508
0.16402804851531982
0.9403061866760254
0.9707872867584229
0.890687882900238
0.9924978613853455
0.9679635167121887
0.33606159687042236
0.9807680249214172
0.9911463856697083
0.8014405965805054
0.7642049789428711
0.9867219924926758
0.9866632223129272
0.9118603467941284
0.9892836809158325
0.9074874520301819
0.9906529188156128
0.9259284734725952
0.48093903064727783
0.9925546050071716
0.9873522520065308
0.9260859489440918
0.9850896596908569
0.9862337112426758
0.9763045907020569
0.9899041056632996
0.9667385816574097
0.7553409337997437
0.46784865856170654
0.4142236113548279
0.9521109461784363
0.9849608540534973
0.9787943363189697
0.9821739196777344
0.9706055521965027
0.1687101274728775
0.9342436194419861
0.9907838106155396
0.9791364669799805
0.9920015335083008
0.8322506546974182
0.9430691003799438
0.9910171031951904
0.8955608010292053
0.9764724373817444
0.9843140840530396
0.9850069880485535
0.9585177302360535
0.989715039730072
0.983201801776886
0.9778519868850708
0.17696437239646912
0.9906852841377258
0.9500257968902588
0.9373982548713684
0.9929354786872864
0.9685860276222229
0.9800373315811157
0.9476010799407959
0.8192779421806335
0.9823400974273682
0.7493063807487488
0.7576350569725037
0.9571718573570251
0.18980084359645844
0.9782658219337463
0.9772939085960388
0.9876298308372498
0.5999454855918884
0.9805770516395569
0.9663679003715515
0.7913854122161865
0.7802664041519165
0.933464527130127
0.41726940870285034
0.8384485244750977
0.9834845662117004
0.7029752731323242
0.9579864144325256
0.8971170783042908
0.9692428708076477
0.8170865178108215
0.9288136959075928
0.9848430156707764
0.722637951374054
0.9918423891067505
0.9000081419944763
0.9836132526397705
0.9835872054100037
0.9876714944839478
0.9855314493179321
0.9780250787734985
0.9127538800239563
0.9732057452201843
0.9788478016853333
0.9837686419487
0.9790224432945251
0.9789959192276001
0.9800596833229065
0.9591674208641052
0.9824621677398682
0.9913101196289062
0.4587687849998474
0.9885758757591248
0.012180296704173088
0.9883424639701843
0.9730969071388245
0.9868375658988953
0.9811100959777832
0.9884478449821472
0.9563258290290833
0.9870206117630005
0.9818614721298218
0.9841659069061279
0.11502678692340851
0.9847434759140015
0.988004207611084
0.9932506680488586
0.9853625297546387
0.8512188792228699
0.9552351832389832
0.9862139821052551
0.10048464685678482
0.24193932116031647
0.8742401003837585
0.9274423718452454
0.7961471080780029
0.9290570020675659
0.9842570424079895
0.9834998846054077
0.9490240812301636
0.8828005194664001
0.002647998509928584
0.9598991870880127
0.2254459410905838
0.9645874500274658
0.931208074092865
0.6501469612121582
0.03779042512178421
0.9906153678894043
0.9441350698471069
0.9162006974220276
0.8215771317481995
0.9215900897979736
0.8952638506889343
0.8377282619476318
0.9341254234313965
0.9823887944221497
0.9307923913002014
0.8424690961837769
0.9467222094535828
0.7083994150161743
0.8798249959945679
0.9681047201156616
0.9799849987030029
0.17798250913619995
0.05360521748661995
0.9329906702041626
0.7623642683029175
0.9510945081710815
0.7045581936836243
0.9519582986831665
0.38997378945350647
