0.8070968389511108
0.9393194317817688
0.9899723529815674
0.3732266128063202
0.9821295142173767
0.5235936045646667
0.04613468796014786
0.9845869541168213
0.9829575419425964
0.9694601893424988
0.9754077196121216
0.9336046576499939
0.9879229664802551
0.95196533203125
0.9782971143722534
0.9808759689331055
0.4023175537586212
0.9881550073623657
0.9842129945755005
0.3824866712093353
0.9922063946723938
0.5855532288551331
0.05604955181479454
0.9592010974884033
0.9314814209938049
0.9807306528091431
0.7571704387664795
0.8820016384124756
0.8792548179626465
0.3777840733528137
0.5393849611282349
0.5454047322273254
0.711173951625824
0.5994563698768616
0.3534281849861145
0.693386971950531
0.07656028866767883
0.9900199174880981
0.567311704158783
0.9579237103462219
0.9862638711929321
0.9883672595024109
0.949822723865509
0.6847864985466003
0.5728949308395386
0.23752574622631073
0.9914692044258118
0.788622260093689
0.7172495722770691
0.6860384941101074
0.7225030064582825
0.9905605912208557
0.6840130686759949
0.9665495157241821
0.7196701765060425
0.7390682101249695
0.7169435620307922
0.9932631850242615
0.7359381914138794
0.9846361875534058
0.7255154252052307
0.7220458984375
0.7017336487770081
0.736219048500061
0.9931176900863647
0.7270863056182861
0.31855592131614685
0.7197149991989136
0.7015340328216553
0.7178735136985779
0.0928814560174942
0.9936136603355408
0.6103726029396057
0.3969578146934509
0.8785300254821777
0.029523447155952454
0.9867857098579407
0.6801778674125671
0.5860328078269958
0.7319377064704895
0.7314947843551636
0.9756591320037842
0.6500670313835144
0.7258380651473999
0.7044554948806763
0.6217901110649109
0.5654770731925964
0.0023094031494110823
0.00350750214420259
0.004708044230937958
0.6399784088134766
0.7103345990180969
0.7611554861068726
0.695372462272644
0.4991241693496704
0.847465991973877
0.6661387085914612
0.6949929594993591
0.7220250964164734
0.9885156154632568
0.26276829838752747
0.1834484040737152
0.7405745387077332
0.7679246068000793
0.6463850140571594
0.5340977311134338
0.692915141582489
0.45975837111473083
0.6581901907920837
0.48169463872909546
0.6704244017601013
0.7448725700378418
0.7372909784317017
0.6178767085075378
0.6437547206878662
0.674469530582428
0.6741361021995544
0.8032603859901428
0.6728612184524536
0.7627527713775635
0.7229021787643433
0.7024900317192078
0.6287227869033813
0.7572446465492249
0.48055216670036316
0.6555402874946594
0.5570220351219177
0.7671380043029785
0.7412653565406799
0.6140344142913818
0.7023643255233765
0.3365411162376404
0.33485642075538635
0.06638813018798828
0.019941171631217003
0.7513237595558167
0.9396544098854065
0.12196934968233109
0.6119374632835388
0.6836109757423401
0.7783348560333252
0.6149300932884216
0.4818882346153259
0.06948470324277878
0.004454982466995716
0.7436643242835999
0.7384902834892273
0.5491169691085815
0.9904049634933472
0.3012100160121918
0.5244302153587341
0.4446336627006531
0.2076108455657959
0.338302344083786
0.5610964298248291
0.9799307584762573
0.9750202298164368
0.68280029296875
0.6922839283943176
0.9698516726493835
0.7156208753585815
0.9803373217582703
0.4209877550601959
0.7262464761734009
0.5945749878883362
0.7303693294525146
0.2942917048931122
0.6851343512535095
0.7339000701904297
0.702103853225708
0.7126513719558716
0.7047891020774841
0.5667887926101685
0.6559420228004456
0.7137836813926697
0.6771838665008545
0.6948363780975342
0.555919885635376
0.6550708413124084
0.6490140557289124
0.718669593334198
0.5781022310256958
0.3219386637210846
0.7079219818115234
0.38361579179763794
0.2952460050582886
0.06103605031967163
0.5561361312866211
0.6884697079658508
0.6393482685089111
0.6976861953735352
0.6605629920959473
0.7160705924034119
0.010406255722045898
0.012576433829963207
0.3812927305698395
0.5099122524261475
0.6053087711334229
0.3136484920978546
0.6577405333518982
0.6912558078765869
0.11675779521465302
0.6607512831687927
0.47031906247138977
0.629202127456665
0.6116683483123779
0.6938084363937378
0.5075795650482178
0.6389139294624329
0.29606255888938904
0.22463755309581757
0.002235852414742112
0.4955648183822632
0.19233490526676178
0.37950992584228516
0.6598930358886719
0.5759978890419006
0.5144186019897461
0.00802514236420393
0.6956557631492615
0.4581853151321411
0.5291892886161804
0.08136029541492462
