1.0
1.0
1.0
1.0
1.0
1.0
1.0
1.0
1.0
1.0
1.0
1.0
1.0
0.0
1.0
1.0
1.0
1.0
1.0
1.0
1.0
1.0
1.0
1.0
1.0
1.0
1.0
1.0
1.0
1.0
1.0
1.0
1.0
0.5
1.0
1.0
1.0
1.0
0.5
1.0
1.0
1.0
1.0
1.0
1.0
1.0
1.0
1.0
1.0
0.6666666666666666
1.0
1.0
1.0
1.0
1.0
1.0
1.0
1.0
1.0
1.0
1.0
1.0
1.0
1.0
1.0
1.0
1.0
1.0
0.75
1.0
1.0
1.0
0.5
1.0
1.0
1.0
1.0
1.0
1.0
1.0
1.0
1.0
1.0
1.0
1.0
1.0
1.0
1.0
1.0
1.0
1.0
1.0
1.0
1.0
1.0
1.0
0.6666666666666666
0.75
1.0
0.75
1.0
0.25
1.0
1.0
1.0
0.8
1.0
1.0
1.0
1.0
1.0
1.0
1.0
0.75
1.0
0.75
1.0
1.0
1.0
1.0
1.0
1.0
1.0
1.0
0.75
0.6666666666666666
1.0
1.0
1.0
1.0
1.0
0.8333333333333334
1.0
1.0
1.0
1.0
1.0
0.8
1.0
0.8
1.0
0.8
1.0
1.0
1.0
1.0
1.0
1.0
0.0
0.0
1.0
0.0
0.0
1.0
0.0
1.0
0.0
0.0
0.0
1.0
0.0
0.0
0.0
0.0
0.0
0.5
0.0
0.0
0.0
0.0
0.0
0.0
0.0
0.0
0.0
0.0
0.0
0.0
0.0
0.0
0.3333333333333333
0.0
0.0
0.2
0.0
0.0
0.0
0.2
0.16666666666666666
0.25
0.5
0.25
0.0
0.0
0.0
0.06666666666666667
0.0
0.0
0.0
0.0
0.125
0.0
0.14285714285714285
0.0
0.0
0.09090909090909091
0.0
0.1
0.14285714285714285
0.0
0.021739130434782608
0.2
0.0
0.0
0.07692307692307693
0.0
0.0
0.0
0.0
0.0
0.25
0.0
0.0
