1.0
1.0
1.0
1.0
1.0
1.0
1.0
1.0
1.0
1.0
1.0
1.0
1.0
0.0
1.0
1.0
1.0
1.0
1.0
1.0
1.0
1.0
1.0
1.0
1.0
1.0
1.0
1.0
1.0
1.0
1.0
1.0
1.0
0.5
1.0
1.0
1.0
1.0
1.0
1.0
1.0
1.0
1.0
1.0
1.0
1.0
1.0
1.0
1.0
1.0
1.0
1.0
1.0
1.0
1.0
1.0
1.0
1.0
1.0
1.0
1.0
1.0
1.0
1.0
1.0
1.0
1.0
1.0
1.0
1.0
1.0
1.0
0.4
0.8
1.0
1.0
1.0
1.0
1.0
1.0
1.0
1.0
1.0
1.0
0.8571428571428571
1.0
1.0
1.0
1.0
1.0
1.0
1.0
1.0
1.0
1.0
1.0
0.28571428571428575
0.75
1.0
0.8571428571428571
1.0
0.28571428571428575
1.0
1.0
1.0
0.888888888888889
1.0
1.0
1.0
1.0
1.0
1.0
0.8571428571428571
1.0
1.0
0.75
1.0
1.0
1.0
1.0
1.0
1.0
1.0
1.0
0.7499999999999999
0.888888888888889
0.888888888888889
0.888888888888889
0.888888888888889
1.0
1.0
1.0
1.0
1.0
1.0
1.0
1.0
0.8000000000000002
1.0
1.0
1.0
1.0
1.0
1.0
1.0
1.0
1.0
0.888888888888889
1.0
0.0
1.0
0.0
0.0
1.0
0.0
1.0
1.0
0.0
0.0
1.0
0.0
0.0
0.0
1.0
0.0
0.5
0.5
0.3333333333333333
0.0
0.5
0.0
0.0
0.0
0.0
0.5
0.0
0.0
0.0
0.0
0.4444444444444444
0.8571428571428571
0.0
0.3333333333333333
0.4
0.0
0.0
0.0
0.6666666666666666
0.25
0.25
0.8571428571428571
0.28571428571428575
0.0
0.8
0.4444444444444445
0.6
0.2
0.25
0.0
0.22222222222222224
0.28571428571428575
0.0
0.0
0.054054054054054064
0.4444444444444445
0.0
0.25
0.22222222222222224
0.1818181818181818
0.0
0.21428571428571427
0.22222222222222224
0.0
0.0
0.4
0.3636363636363636
0.0
0.4615384615384615
0.5333333333333333
0.0
0.3333333333333333
0.0
0.1818181818181818
