1.0
1.0
1.0
1.0
1.0
1.0
1.0
0.0
1.0
1.0
1.0
1.0
1.0
1.0
1.0
1.0
0.0
1.0
1.0
1.0
1.0
1.0
1.0
1.0
1.0
1.0
1.0
1.0
1.0
1.0
1.0
0.5
1.0
1.0
1.0
1.0
1.0
1.0
1.0
1.0
1.0
1.0
1.0
1.0
1.0
1.0
1.0
1.0
1.0
1.0
1.0
1.0
1.0
1.0
1.0
1.0
1.0
1.0
1.0
1.0
0.8
1.0
0.8
1.0
1.0
1.0
1.0
0.8
1.0
1.0
1.0
1.0
1.0
1.0
1.0
0.8
1.0
1.0
1.0
1.0
1.0
1.0
1.0
0.8
0.6666666666666666
1.0
1.0
1.0
1.0
1.0
1.0
1.0
1.0
0.8571428571428571
1.0
1.0
0.6666666666666665
1.0
1.0
0.8571428571428571
1.0
0.75
0.8571428571428571
1.0
1.0
0.5714285714285715
1.0
0.8571428571428571
0.8571428571428571
1.0
1.0
0.8571428571428571
1.0
1.0
1.0
0.6666666666666666
1.0
1.0
1.0
1.0
1.0
1.0
1.0
1.0
1.0
1.0
0.888888888888889
0.888888888888889
0.6
1.0
1.0
0.5454545454545454
1.0
0.6
0.4444444444444445
1.0
1.0
0.6666666666666665
0.4000000000000001
1.0
0.888888888888889
0.888888888888889
1.0
1.0
0.888888888888889
1.0
0.888888888888889
0.888888888888889
1.0
1.0
0.6666666666666666
1.0
1.0
1.0
1.0
1.0
1.0
1.0
1.0
1.0
1.0
0.0
1.0
1.0
1.0
0.5
1.0
1.0
1.0
1.0
1.0
1.0
0.0
0.0
0.0
1.0
1.0
0.5
1.0
1.0
0.8
1.0
0.3333333333333333
0.3333333333333333
1.0
0.8571428571428571
1.0
0.3333333333333333
0.3333333333333333
1.0
1.0
1.0
0.8
1.0
0.8571428571428571
1.0
0.5
0.0
0.0
0.8571428571428571
0.8571428571428571
1.0
1.0
1.0
0.25
0.25
1.0
1.0
0.8000000000000002
0.6
0.8000000000000002
0.22222222222222224
0.22222222222222224
0.4000000000000001
0.5
0.6
0.0
0.888888888888889
0.6
0.7272727272727272
1.0
0.4000000000000001
0.22222222222222224
