1.0
0.0
0.0
0.0
0.0
1.0
1.0
0.0
1.0
1.0
1.0
1.0
0.0
1.0
0.0
1.0
1.0
1.0
1.0
0.0
0.0
0.0
1.0
1.0
1.0
1.0
1.0
1.0
1.0
1.0
1.0
0.0
1.0
1.0
1.0
0.5
1.0
1.0
1.0
1.0
1.0
1.0
1.0
0.5
1.0
1.0
1.0
1.0
1.0
1.0
1.0
1.0
1.0
1.0
0.8
1.0
1.0
1.0
1.0
0.0
1.0
1.0
1.0
1.0
1.0
1.0
0.6666666666666666
1.0
1.0
1.0
1.0
1.0
0.8571428571428571
0.8571428571428571
1.0
1.0
1.0
1.0
0.5
0.6666666666666666
0.8
0.0
1.0
1.0
1.0
0.8571428571428571
0.5714285714285715
1.0
0.0
1.0
1.0
1.0
1.0
0.4444444444444445
0.5
0.5
0.4
1.0
1.0
1.0
1.0
1.0
1.0
1.0
1.0
1.0
0.5
1.0
1.0
1.0
1.0
1.0
0.75
0.5
1.0
1.0
1.0
1.0
1.0
1.0
1.0
1.0
1.0
1.0
0.9090909090909091
1.0
0.20000000000000004
0.4000000000000001
1.0
1.0
1.0
0.8333333333333333
1.0
1.0
1.0
1.0
1.0
1.0
0.4444444444444445
1.0
0.6
0.6
1.0
1.0
1.0
1.0
0.6
1.0
1.0
1.0
1.0
0.0
1.0
0.0
1.0
1.0
1.0
1.0
1.0
1.0
1.0
0.0
1.0
1.0
1.0
1.0
1.0
0.5
1.0
1.0
0.8
1.0
1.0
1.0
1.0
1.0
1.0
1.0
0.8571428571428571
1.0
0.8571428571428571
1.0
0.8571428571428571
1.0
1.0
0.6666666666666666
1.0
1.0
1.0
1.0
1.0
1.0
1.0
1.0
1.0
1.0
1.0
0.75
1.0
1.0
1.0
1.0
1.0
1.0
1.0
1.0
1.0
1.0
1.0
1.0
0.6
0.8000000000000002
1.0
1.0
1.0
1.0
1.0
1.0
0.9090909090909091
0.8000000000000002
1.0
1.0
1.0
