1.0
1.0
0.0
1.0
1.0
1.0
1.0
1.0
1.0
1.0
1.0
1.0
1.0
0.0
1.0
1.0
1.0
1.0
1.0
1.0
1.0
1.0
1.0
1.0
1.0
1.0
1.0
1.0
1.0
1.0
1.0
1.0
1.0
0.5
1.0
1.0
1.0
1.0
1.0
1.0
1.0
1.0
1.0
1.0
1.0
1.0
1.0
1.0
1.0
1.0
1.0
1.0
1.0
1.0
1.0
1.0
1.0
1.0
1.0
1.0
1.0
1.0
1.0
1.0
1.0
1.0
1.0
1.0
1.0
1.0
1.0
1.0
0.25
1.0
1.0
1.0
1.0
1.0
1.0
1.0
1.0
1.0
1.0
1.0
0.75
1.0
1.0
1.0
1.0
1.0
1.0
1.0
1.0
1.0
1.0
1.0
0.6666666666666666
0.75
1.0
0.75
1.0
0.25
1.0
0.75
1.0
0.8
1.0
1.0
1.0
1.0
1.0
1.0
1.0
1.0
1.0
0.5
1.0
0.8
1.0
1.0
1.0
1.0
1.0
1.0
1.0
0.6666666666666666
0.8
0.8
1.0
1.0
1.0
0.4
1.0
1.0
1.0
1.0
1.0
1.0
1.0
1.0
1.0
1.0
1.0
1.0
1.0
1.0
1.0
1.0
1.0
0.0
1.0
0.0
0.0
1.0
0.0
1.0
0.0
0.0
0.0
1.0
1.0
0.0
0.0
0.0
0.0
0.3333333333333333
1.0
0.022727272727272728
0.0
0.0
0.0
0.0
0.0
0.5
0.5
0.3333333333333333
0.0
0.0
0.0
0.16666666666666666
0.2857142857142857
0.0
0.0
0.3333333333333333
0.0
0.0
0.0
0.2857142857142857
0.3333333333333333
0.25
0.6666666666666666
0.2
0.0
0.5
0.0
0.14285714285714285
0.0
0.16666666666666666
0.0
0.2222222222222222
0.09090909090909091
0.020833333333333332
0.375
0.0
0.0
0.16666666666666666
0.0
0.1
0.2
0.0
0.06818181818181818
0.0
0.030303030303030304
0.0
0.5
0.0
0.0
0.0
0.0
0.0
0.2857142857142857
0.0
0.0
