1.0
1.0
0.0
1.0
1.0
1.0
1.0
1.0
1.0
1.0
1.0
1.0
1.0
1.0
1.0
1.0
1.0
1.0
1.0
1.0
1.0
1.0
1.0
1.0
1.0
1.0
1.0
1.0
1.0
1.0
1.0
1.0
1.0
0.5
1.0
1.0
1.0
1.0
1.0
1.0
1.0
1.0
1.0
1.0
1.0
1.0
1.0
1.0
0.5
1.0
1.0
1.0
1.0
0.5
1.0
1.0
1.0
1.0
0.6666666666666666
1.0
1.0
1.0
1.0
1.0
1.0
1.0
1.0
1.0
1.0
1.0
1.0
1.0
1.0
1.0
1.0
1.0
1.0
1.0
1.0
1.0
1.0
1.0
0.6
1.0
1.0
1.0
1.0
1.0
1.0
1.0
1.0
1.0
0.75
0.8
1.0
1.0
1.0
1.0
0.3333333333333333
1.0
1.0
0.6
1.0
0.6666666666666666
1.0
0.6666666666666666
0.25
1.0
1.0
0.75
1.0
1.0
0.75
1.0
1.0
0.75
0.75
0.5714285714285714
0.8
0.5
1.0
1.0
1.0
1.0
1.0
1.0
0.7142857142857143
0.6666666666666666
0.625
0.6
1.0
0.6
1.0
1.0
1.0
0.75
1.0
1.0
1.0
0.75
1.0
0.5714285714285714
1.0
1.0
1.0
1.0
0.6
1.0
1.0
1.0
1.0
1.0
0.027777777777777776
1.0
1.0
1.0
1.0
1.0
1.0
1.0
0.0
1.0
1.0
1.0
1.0
0.5
1.0
1.0
1.0
1.0
1.0
0.6666666666666666
1.0
1.0
0.0
1.0
1.0
0.5
1.0
0.5
0.6666666666666666
0.6666666666666666
0.0
0.6666666666666666
0.6666666666666666
0.6
1.0
1.0
0.75
0.75
1.0
1.0
1.0
1.0
1.0
0.75
0.6666666666666666
0.0
0.2
0.75
0.5
1.0
0.6
0.6666666666666666
1.0
0.75
0.6666666666666666
0.6666666666666666
0.4
0.3333333333333333
0.6666666666666666
0.6
0.5
0.8
0.4
0.3333333333333333
0.8
0.75
1.0
0.8
0.5
0.8333333333333334
0.4
