1.0
1.0
0.0
1.0
1.0
1.0
1.0
1.0
1.0
1.0
1.0
1.0
1.0
0.0
1.0
1.0
1.0
1.0
1.0
1.0
1.0
1.0
1.0
1.0
1.0
1.0
1.0
1.0
1.0
1.0
1.0
1.0
1.0
0.5
1.0
1.0
1.0
1.0
0.5
1.0
1.0
1.0
1.0
1.0
1.0
1.0
1.0
1.0
1.0
1.0
1.0
1.0
1.0
1.0
1.0
1.0
1.0
1.0
1.0
1.0
1.0
1.0
1.0
1.0
1.0
1.0
1.0
1.0
1.0
1.0
1.0
1.0
0.4
0.6666666666666666
1.0
1.0
1.0
1.0
1.0
1.0
1.0
1.0
1.0
1.0
0.8571428571428571
1.0
1.0
1.0
1.0
1.0
1.0
1.0
0.8571428571428571
1.0
1.0
1.0
0.5714285714285715
0.75
1.0
0.8571428571428571
1.0
0.5
1.0
1.0
1.0
0.888888888888889
1.0
1.0
1.0
1.0
1.0
1.0
0.8571428571428571
1.0
1.0
1.0
1.0
1.0
1.0
1.0
1.0
1.0
1.0
1.0
0.5
0.888888888888889
0.888888888888889
1.0
0.888888888888889
1.0
1.0
0.9090909090909091
1.0
1.0
1.0
1.0
1.0
0.8000000000000002
1.0
1.0
1.0
1.0
1.0
1.0
1.0
1.0
1.0
1.0
1.0
0.0
0.0
0.0
0.0
1.0
0.0
1.0
1.0
0.0
0.0
1.0
1.0
0.0
0.0
1.0
0.0
0.5
0.5
0.05
0.0
0.0
0.0
0.0
0.0
0.0
0.4
0.0
0.0
0.5
0.0
0.28571428571428575
0.6
0.28571428571428575
0.28571428571428575
0.4
0.0
0.0
0.0
0.6666666666666666
0.5
0.2222222222222222
0.5714285714285715
0.3333333333333333
0.0
0.5454545454545454
0.28571428571428575
0.0
0.18181818181818182
0.22222222222222224
0.0
0.36363636363636365
0.18181818181818182
0.5
0.13559322033898305
0.04761904761904762
0.0
0.0
0.5
0.15384615384615383
0.4444444444444445
0.0
0.1509433962264151
0.20000000000000004
0.3636363636363636
0.4444444444444445
0.5454545454545454
0.0
0.0
0.09999999999999999
0.2608695652173913
0.0
0.3333333333333333
0.14285714285714285
0.0
