1.0
1.0
1.0
1.0
1.0
1.0
1.0
1.0
1.0
1.0
1.0
1.0
1.0
0.0
1.0
1.0
1.0
1.0
1.0
1.0
1.0
1.0
1.0
1.0
1.0
1.0
1.0
1.0
1.0
1.0
1.0
1.0
1.0
0.5
1.0
1.0
1.0
1.0
0.5
1.0
1.0
1.0
1.0
1.0
1.0
1.0
1.0
1.0
1.0
1.0
1.0
1.0
1.0
1.0
1.0
1.0
1.0
1.0
1.0
1.0
1.0
1.0
1.0
1.0
1.0
1.0
1.0
1.0
1.0
1.0
1.0
1.0
0.4
1.0
1.0
1.0
1.0
1.0
1.0
1.0
1.0
1.0
1.0
1.0
0.8571428571428571
1.0
1.0
1.0
1.0
1.0
1.0
1.0
0.8571428571428571
1.0
1.0
1.0
0.5714285714285715
0.8571428571428571
1.0
0.75
1.0
0.5
1.0
1.0
1.0
0.888888888888889
1.0
1.0
1.0
1.0
1.0
1.0
0.8571428571428571
1.0
1.0
0.888888888888889
1.0
1.0
1.0
1.0
1.0
1.0
1.0
1.0
0.7499999999999999
0.888888888888889
0.888888888888889
0.888888888888889
0.888888888888889
1.0
1.0
0.9090909090909091
1.0
1.0
1.0
1.0
1.0
0.8000000000000002
1.0
1.0
1.0
1.0
1.0
1.0
1.0
1.0
1.0
1.0
1.0
0.0
1.0
0.0
1.0
1.0
0.0
1.0
1.0
0.0
0.0
1.0
1.0
0.0
0.0
1.0
0.0
0.5
0.5
0.3333333333333333
0.0
0.5
0.0
0.0
0.0
1.0
0.5
0.0
0.0
0.0
0.4444444444444444
0.0
0.7499999999999999
0.25
0.3333333333333333
0.4
0.0
0.0
0.3333333333333333
0.6
0.25
0.07692307692307691
0.6666666666666666
0.0
0.0
0.6666666666666665
0.3333333333333333
0.0
0.2
0.0
0.0
0.36363636363636365
0.3333333333333333
0.28571428571428575
0.25
0.0851063829787234
0.0
0.16666666666666666
0.5
0.25
0.0
0.0
0.04347826086956522
0.22222222222222224
0.0
0.0
0.5
0.0
0.0
0.22222222222222224
0.5
0.0
0.26666666666666666
0.0
0.0
