1.0
1.0
1.0
1.0
1.0
1.0
1.0
1.0
1.0
1.0
1.0
1.0
1.0
0.0
1.0
1.0
1.0
1.0
1.0
1.0
1.0
1.0
1.0
1.0
1.0
1.0
1.0
1.0
1.0
1.0
1.0
1.0
1.0
0.5
1.0
1.0
1.0
1.0
0.5
1.0
1.0
1.0
1.0
0.5
1.0
1.0
1.0
1.0
1.0
1.0
1.0
1.0
1.0
1.0
1.0
1.0
1.0
1.0
1.0
1.0
1.0
1.0
1.0
1.0
1.0
1.0
1.0
1.0
1.0
1.0
1.0
1.0
0.5
1.0
0.75
1.0
1.0
1.0
1.0
1.0
1.0
1.0
1.0
1.0
1.0
1.0
1.0
1.0
1.0
1.0
1.0
1.0
1.0
1.0
1.0
1.0
1.0
0.75
1.0
1.0
1.0
0.5
1.0
1.0
1.0
0.8
1.0
1.0
1.0
1.0
1.0
1.0
1.0
1.0
1.0
0.8
1.0
1.0
1.0
1.0
1.0
1.0
1.0
1.0
1.0
0.8
1.0
1.0
1.0
1.0
1.0
1.0
1.0
1.0
1.0
1.0
1.0
0.8
1.0
1.0
1.0
1.0
1.0
1.0
1.0
1.0
1.0
1.0
0.0
0.0
0.0
0.0
0.0
1.0
0.0
1.0
0.0
0.0
0.0
1.0
0.0
0.0
0.0
0.5
0.0
0.5
0.5
0.25
0.0
0.5
0.5
0.0
0.0
0.0
0.5
0.0
0.0
0.0
0.2
0.42857142857142855
0.42857142857142855
0.0
0.25
0.3333333333333333
0.0
0.0
0.0
0.375
0.2857142857142857
0.2
0.5
0.25
0.5
0.3333333333333333
0.25
0.14285714285714285
0.0
0.0
0.0
0.125
0.0
0.0
0.6
0.043478260869565216
0.1111111111111111
0.0
0.0
0.024390243902439025
0.25
0.0
0.1111111111111111
0.25
0.125
0.0
0.5714285714285714
0.14285714285714285
0.0
0.375
0.09090909090909091
0.0
0.25
0.0
0.0
