1.0
1.0
1.0
0.0
1.0
0.0
1.0
1.0
1.0
1.0
1.0
1.0
1.0
1.0
1.0
1.0
0.0
1.0
1.0
0.0
1.0
0.0
1.0
1.0
1.0
1.0
1.0
1.0
1.0
0.0
0.0
0.6666666666666666
0.5
0.0
1.0
0.0
1.0
1.0
0.8
1.0
1.0
1.0
1.0
0.6666666666666666
0.0
1.0
1.0
1.0
0.6666666666666666
0.6666666666666666
0.5
1.0
0.0
1.0
0.6666666666666666
0.5
0.0
1.0
0.0
1.0
0.0
0.4
0.0
0.0
1.0
0.0
0.0
0.0
1.0
0.8
1.0
1.0
0.0
0.0
1.0
0.8
1.0
0.5
0.3333333333333333
0.4
0.5
1.0
0.5
1.0
0.3333333333333333
0.8
0.5
1.0
0.0
0.0
0.4
0.6666666666666666
0.0
0.0
0.6666666666666666
0.6666666666666666
0.75
0.0
0.5714285714285715
1.0
1.0
1.0
0.6666666666666666
0.75
0.75
0.0
0.6666666666666666
0.5714285714285715
0.4
0.5
0.3333333333333333
0.0
0.0
0.0
0.8571428571428571
0.6666666666666666
0.75
0.0
0.6666666666666666
0.0
0.5
0.28571428571428575
0.888888888888889
0.33333333333333337
0.22222222222222224
0.0
1.0
1.0
1.0
0.33333333333333337
0.5
0.888888888888889
0.25
0.33333333333333337
0.888888888888889
1.0
0.0
1.0
1.0
0.33333333333333337
0.4000000000000001
0.7499999999999999
0.33333333333333337
0.0
0.0
0.5714285714285715
0.5714285714285715
0.0
1.0
0.0
0.0
0.0
0.0
0.0
1.0
1.0
1.0
0.0
0.0
1.0
0.0
1.0
0.0
0.0
0.0
0.28571428571428575
0.5
0.5
0.0
0.0
0.0
0.5
0.6666666666666666
0.22222222222222224
0.0
0.0
0.0
0.4
0.0
0.0
0.3333333333333333
0.5
0.0
0.2
0.4
0.0
0.5
0.5
0.4
0.4
0.0
0.5
0.8
0.4
0.3333333333333333
0.6666666666666666
0.25
0.0
0.0
0.0
0.0
0.4
0.6666666666666666
0.0
0.6666666666666666
0.25
0.0
0.0
0.0
1.0
0.25
0.33333333333333337
0.888888888888889
0.4000000000000001
0.5714285714285715
0.33333333333333337
0.0
0.0
0.33333333333333337
0.8000000000000002
0.0
1.0
0.28571428571428575
