1.0
1.0
1.0
1.0
1.0
1.0
1.0
1.0
1.0
1.0
1.0
1.0
1.0
0.0
1.0
1.0
1.0
1.0
1.0
1.0
1.0
1.0
1.0
1.0
1.0
1.0
1.0
1.0
1.0
1.0
1.0
1.0
1.0
0.5
1.0
1.0
1.0
1.0
0.5
1.0
1.0
1.0
1.0
1.0
1.0
1.0
1.0
1.0
1.0
1.0
1.0
1.0
1.0
1.0
1.0
1.0
1.0
1.0
1.0
1.0
1.0
1.0
1.0
1.0
1.0
1.0
1.0
1.0
1.0
1.0
1.0
1.0
0.5
0.6666666666666666
1.0
1.0
1.0
1.0
1.0
1.0
1.0
1.0
1.0
1.0
0.8571428571428571
1.0
1.0
1.0
1.0
1.0
1.0
1.0
0.8571428571428571
1.0
1.0
1.0
0.5714285714285715
0.8571428571428571
1.0
0.8571428571428571
1.0
0.5
1.0
1.0
1.0
0.888888888888889
1.0
1.0
1.0
1.0
1.0
1.0
0.8571428571428571
1.0
1.0
0.75
1.0
1.0
1.0
1.0
1.0
1.0
1.0
1.0
0.6666666666666665
0.8000000000000002
1.0
1.0
0.888888888888889
1.0
1.0
1.0
1.0
1.0
1.0
1.0
1.0
0.8000000000000002
1.0
1.0
1.0
1.0
1.0
1.0
1.0
1.0
1.0
0.888888888888889
1.0
0.0
1.0
0.0
0.0
1.0
0.0
1.0
0.0
0.0
0.0
1.0
1.0
0.0
0.0
0.8
0.0
0.5
0.5
0.5
0.0
0.4
0.0
0.0
0.0
0.5
0.5
0.0
0.0
0.0
0.4444444444444444
0.3333333333333333
0.7499999999999999
0.0
0.3333333333333333
0.4
0.0
0.0
0.2222222222222222
0.6666666666666666
0.2222222222222222
0.28571428571428575
0.3333333333333333
0.3333333333333333
0.3333333333333333
0.6
0.5
0.22222222222222224
0.18181818181818182
0.4444444444444445
0.0
0.30769230769230765
0.22222222222222224
0.0
0.8
0.15384615384615383
0.0
0.5454545454545454
0.5
0.18181818181818182
0.4000000000000001
0.0
0.4615384615384615
0.4444444444444445
0.0
0.20000000000000004
0.3333333333333333
0.6
0.0
0.5
0.25000000000000006
0.0
0.0
0.12500000000000003
0.0
