1.0
0.0
0.0
0.0
1.0
1.0
1.0
0.0
1.0
1.0
0.0
1.0
1.0
0.0
1.0
1.0
0.0
1.0
1.0
0.0
1.0
1.0
1.0
0.0
1.0
1.0
0.0
1.0
1.0
1.0
1.0
0.5
1.0
0.6666666666666666
0.5
0.5
1.0
1.0
0.0
1.0
1.0
1.0
1.0
1.0
1.0
1.0
1.0
1.0
0.0
0.6666666666666666
0.5
0.5
0.5
0.6666666666666666
1.0
1.0
0.0
1.0
1.0
1.0
1.0
0.3333333333333333
0.8
0.8
1.0
0.8
0.8
0.8
0.3333333333333333
0.8
0.6666666666666666
0.4
0.0
0.6666666666666666
0.8
0.8
0.8
1.0
0.5714285714285715
0.0
0.4
0.6666666666666666
0.6666666666666666
0.8
0.4
0.8
1.0
0.4
0.4
0.4
1.0
1.0
0.8571428571428571
0.8571428571428571
1.0
0.8571428571428571
0.3333333333333333
0.5714285714285715
0.3333333333333333
0.25
1.0
0.5
1.0
1.0
1.0
0.6666666666666666
0.8571428571428571
0.3333333333333333
0.8571428571428571
1.0
1.0
1.0
0.6666666666666666
0.8571428571428571
1.0
0.6666666666666666
0.8571428571428571
1.0
1.0
0.5714285714285715
1.0
0.888888888888889
0.6666666666666665
0.6666666666666665
0.4444444444444445
0.7499999999999999
0.888888888888889
0.6666666666666665
0.7499999999999999
1.0
0.888888888888889
0.6666666666666665
0.888888888888889
0.0
0.25
1.0
0.888888888888889
0.6
0.888888888888889
0.6666666666666665
0.888888888888889
0.888888888888889
0.6666666666666665
0.888888888888889
0.888888888888889
1.0
0.888888888888889
0.888888888888889
0.0
0.0
0.0
0.0
0.0
1.0
0.0
0.0
0.0
0.0
0.0
1.0
0.0
0.0
0.0
0.0
0.0
0.0
0.0
0.0
0.0
0.0
0.0
0.0
0.0
0.0
0.0
0.5
0.5
0.0
0.0
0.0
0.0
0.0
0.0
0.0
0.0
0.0
0.0
0.0
0.0
0.3333333333333333
0.0
0.0
0.0
0.0
0.0
0.0
0.0
0.0
0.0
0.0
0.0
0.0
0.0
0.0
0.0
0.0
0.0
0.0
0.0
0.0
0.22222222222222224
0.0
0.0
0.0
0.0
0.0
0.0
0.0
0.0
0.0
0.0
0.0
0.0
